0.022590804662801323, 0.022587012985285114, 0.061643528282354525, 0.019135341846357637, 0.25832202514207836, 0.046079162436649, 0.005556509065906129, 0.029435368765160397, 0.03366305561170051, 0.02011634266833644, 0.011051831935077331, 0.10700447703040233, 0.016978399221043206, 0.01985135174866447, 0.04950525030608313, 0.038836914186919785, 0.02204806115789077, 0.02248845160570816, 0.02256742671052406, 0.17053868463105729
0.04367235503528106, 0.12001499431652997, 0.08473677316630354, 0.05114519473362487, 0.06503788416519793, 0.13566344316708157, 0.09518527689960171, 0.06739213720683636, 0.21741814871284612, 0.11973379259669663
0.05377652869823243, 0.1503877847648617, 0.052660173046389744, 0.044858842793567215, 0.05320622635842155, 0.03582103895188009, 0.0744882687259634, 0.0790563637014098, 0.2700933443760365, 0.089783026884941, 0.0958684016982965
0.08981462655280942, 0.059974920834605795, 0.06970208388255547, 0.040981856785065884, 0.04042479201449713, 0.015594638866992989, 0.23404086070638777, 0.04146183626252758, 0.02256638244837017, 0.10292027433556697, 0.0512268134326864, 0.06371744238743174, 0.10494990952977636, 0.0626235619607264
0.04950138057084358, 0.17241389443400593, 0.07744898531038677, 0.052953783171636, 0.033566068064387944, 0.22582686378408312, 0.05033251545789259, 0.14961659343686576, 0.06365066246449774, 0.1246892533054005
0.11744595220924912, 0.07078362393837787, 0.06030453373730983, 0.06748542869193887, 0.03908307753981549, 0.021860676894925532, 0.13470322426543568, 0.04811567870964623, 0.06134101935741429, 0.03137716446413584, 0.05552438897650259, 0.012719363719766898, 0.037552903603997004, 0.047484658777952576, 0.033577346958996314, 0.06413200884753603, 0.053606760273985886, 0.0429021890330139
0.07323039991141296, 0.14889317890298107, 0.1009058906046679, 0.10174922205913899, 0.110139846107127, 0.01689371543894041, 0.1084914563096187, 0.019254642432905023, 0.05465480063360959, 0.06949097224491105, 0.06400642580268205, 0.1322894495520053
0.04846111830943388, 0.15868301515539238, 0.07358662522149767, 0.01726525192724281, 0.04040099158763205, 0.0775750885387551, 0.03312635228059873, 0.037763246186253735, 0.028937639709086447, 0.021802182301216878, 0.04497638782299656, 0.08206036082033719, 0.054846613939067715, 0.02930805268730356, 0.2512070735131852
0.05916966399541984, 0.1008584657879886, 0.05356377768946044, 0.1395021011966139, 0.04680106875195774, 0.07333890099350786, 0.019032431392286466, 0.05154451283512778, 0.043425683002998164, 0.06593360935543018, 0.021933420675586426, 0.06935088281457605, 0.02404136046644603, 0.1308976401707692, 0.10060648087183126
0.04064172862936665, 0.0345642518008527, 0.03972607922570976, 0.06628602969477881, 0.04542406216407396, 0.03964251518985977, 0.04897067479893281, 0.01708571570772118, 0.041832234484906375, 0.016552105447930107, 0.057005258216962736, 0.02079498907076984, 0.04947517309976654, 0.020099178245537384, 0.026865231136551475, 0.015907585561566594, 0.1887915765957829, 0.020541801154575698, 0.02503595675754419, 0.02147719226423522, 0.044874005133762676, 0.04628355241411933, 0.011632087653704331, 0.06049101555098906
0.018626350247065195, 0.02479493738321009, 0.05633545969056282, 0.13678033988824784, 0.0689754735087184, 0.08723209693746165, 0.02628670103579791, 0.04819343456188116, 0.01746194880997154, 0.030281790619492637, 0.024037241844581305, 0.044298156540860084, 0.044520446131350304, 0.023116285142617807, 0.06670177379848476, 0.030257253507742086, 0.09578237254931068, 0.15631793780264386
0.05849777503897625, 0.02691936205997539, 0.17039652559611174, 0.0189587852826282, 0.05388108999812869, 0.09119597471736854, 0.08740368240606593, 0.03989579485178783, 0.027199293873231622, 0.04859224395536985, 0.023270645999489598, 0.07593538544939703, 0.039682903655994924, 0.03434382083763592, 0.024755985992422007, 0.03744822007556313, 0.04929913690153845, 0.025091832094379346, 0.06723154121393553
0.03101537261669933, 0.09433895623818127, 0.04248058515823996, 0.22195395119511843, 0.035251787614733306, 0.19140290309364605, 0.06911255693811635, 0.06383216000604397, 0.05194110500609589, 0.060166708937235996, 0.0929509277198428, 0.0455529854760466
0.014600427802190166, 0.014466569547286003, 0.09452406324660324, 0.039274440253078496, 0.03595568957215622, 0.019386673048529306, 0.07274742465774245, 0.020271061569297817, 0.02504184176734448, 0.12202104471890238, 0.027477975158338594, 0.005250360696693727, 0.026699286932933962, 0.01415756067779677, 0.07025311152430562, 0.007364160822013951, 0.027466722025720057, 0.009465140482224223, 0.10251955357268684, 0.03308790501401961, 0.010448478589878714, 0.04108076656871705, 0.042673083158684046, 0.025634876556703295, 0.04410551788584668, 0.043214027967258664, 0.010812236183047596
0.03391197139314668, 0.0409516442661363, 0.03752945083465269, 0.026293652002943695, 0.04217547625811812, 0.04397249556993352, 0.026224683385045144, 0.044479826975166115, 0.027327258946415224, 0.015954541004415075, 0.10117111841652564, 0.028912207639117605, 0.07710718257085891, 0.044299958596120556, 0.08990640577474732, 0.022058782556498988, 0.08965822350471422, 0.029820444752125128, 0.12905338404474234, 0.049191291508576755
0.11767867548392548, 0.09481987173057975, 0.08292211980261958, 0.07595089271708626, 0.10635092917523038, 0.06689174635054011, 0.14496502532344324, 0.048591523946311645, 0.26182921547026367
0.06604866355810597, 0.16029885073760708, 0.09411055254930424, 0.08942089846258702, 0.04986763466318311, 0.05095099739545877, 0.04866409997997345, 0.0647344495249146, 0.05606388529001978, 0.0819758943512286, 0.11641950411974766, 0.12144456936786965
0.06503892898880478, 0.25168958397829894, 0.0190317628313584, 0.09264455489363467, 0.1015792436145985, 0.06133375609355211, 0.024495748429215557, 0.07401372782879803, 0.04636494647367026, 0.03374389853440895, 0.042990092174914875, 0.14860416514971653, 0.038469591009028296
0.03289374410208627, 0.07596278396462036, 0.030366793004759626, 0.034940703406434924, 0.032861375974606866, 0.09166410946939368, 0.09427946418783212, 0.02283543741541129, 0.054629723518131744, 0.04829445552138378, 0.040929150594173104, 0.07212273369589971, 0.03511129850018197, 0.05591438112338267, 0.033076773068983045, 0.03786700998409962, 0.05027662343723283, 0.03071873346654449, 0.12525470556484186
0.08216540978139521, 0.13068095411692393, 0.025128549713627157, 0.1237769211471146, 0.13124741926238248, 0.03388727915678362, 0.0759257210818873, 0.055192309206221014, 0.023305307271951025, 0.10368967408282873, 0.027286517907521467, 0.09992157349170577, 0.08779236377965766
0.12111357263052928, 0.12669185707627809, 0.06946124063617329, 0.06460390181254778, 0.06048350945941138, 0.06721893420536447, 0.05380693641621702, 0.06154739527559443, 0.04926487648830936, 0.1345941264644404, 0.13328224331775676, 0.057931406217377746
0.09860388120801576, 0.06498206308296868, 0.15720476424804428, 0.045038576448274026, 0.12940071035883274, 0.15280589365658065, 0.07343991616760143, 0.1563010585552155, 0.06387767986215469, 0.05834545641231214
0.08528373104338328, 0.03435380693744064, 0.06728110713171441, 0.03523238074398104, 0.0413775924645933, 0.06966582503900794, 0.06317119483492832, 0.035696241602246506, 0.06903679120768969, 0.07784369137354984, 0.03981620896925104, 0.05378655920577584, 0.03236021958778191, 0.0440958260700692, 0.010527272267806127, 0.14327714028596378, 0.09719441123481716
0.02413432186773401, 0.09784188783724578, 0.10807185962241223, 0.15769250631988593, 0.12050271083515203, 0.05273237711610601, 0.11326862930199048, 0.0708487969193306, 0.0940951668925804, 0.16081174328756248
0.03164429740302597, 0.024632411307377863, 0.04241167410150097, 0.07003508430601385, 0.04033674790204184, 0.02231126486228476, 0.0199848721619841, 0.09966508872949845, 0.021558819060204206, 0.014721402651244683, 0.04419189292490497, 0.030410211466800157, 0.027660762938816117, 0.021753455002513203, 0.059010402786700014, 0.05509164515124518, 0.021438372998526006, 0.04484659382906711, 0.04777056049698685, 0.009497923666078567, 0.025850038418961482, 0.08203847457988589, 0.037983330051030516, 0.014975418284975622, 0.023562199321408017, 0.04281023208109782, 0.023806823515825776
0.3934095925698887, 0.22853780680536892, 0.11905616652746401, 0.03912640839730025, 0.21987002569997804
0.051375543891773214, 0.1646686249943121, 0.05186600194240836, 0.052716615495064394, 0.053136754512350566, 0.061621745226953344, 0.030810902009901244, 0.1334968645088329, 0.0834775884024279, 0.024479163781947363, 0.03872892184975534, 0.02821687774143506, 0.019303957235950287, 0.08274750901489276, 0.07971883654844397, 0.043634092843551256
0.08378035934111609, 0.09273381638872867, 0.08692538769625585, 0.03143602767051375, 0.0732833405417943, 0.02677885620625333, 0.06687883694670196, 0.04161628754792753, 0.030934967629283553, 0.027279771510693673, 0.07503291970011593, 0.039660774029381035, 0.05061173197360928, 0.06299891065822426, 0.21004801215940083
0.0210171026659462, 0.18756004253440747, 0.018011619514941242, 0.042028601294518214, 0.036040360756025826, 0.024132057305712072, 0.016475310837496784, 0.020579428888129428, 0.046699987161724923, 0.020814653974602557, 0.03956169018435177, 0.022815498373629842, 0.02581010772185329, 0.019393397017455738, 0.03663043292028915, 0.032053322443370266, 0.05273872950214075, 0.04091497660369047, 0.0323760661027002, 0.00953338583725408, 0.0676517584990377, 0.019962905076958793, 0.029635969135639748, 0.0730488239926455, 0.037716648909814854, 0.026797122745663038
0.04510870248299661, 0.14205198486323176, 0.15797007075907507, 0.09574534940572424, 0.02504644588162892, 0.09228621767872462, 0.1070414288106078, 0.06405698887922832, 0.047317429328799884, 0.025095274423948717, 0.12196671953856303, 0.0763133879474709
0.1974683222859602, 0.05549174817745403, 0.05916301913400704, 0.06394070692942636, 0.030068121784879973, 0.05631307875342878, 0.03182872864238631, 0.03728776041908581, 0.12060675070755988, 0.04605321283663823, 0.06248561491128132, 0.023905608676532786, 0.08789479559056154, 0.053886339021066584, 0.07360619212973116
0.06233056745635153, 0.10469259510806547, 0.050677028356038656, 0.044160923818061276, 0.2685164817737387, 0.055198901433703325, 0.05960896359955998, 0.0665038040649885, 0.03412863436139053, 0.05155146888615684, 0.09418193376178367, 0.10844869738016145
0.07884351701128899, 0.09436521830758422, 0.10788157897218885, 0.27747446591460284, 0.06417779094262645, 0.2974390498381351, 0.0798183790135736
0.17836913823557354, 0.1446493400153827, 0.0506725616373642, 0.04534435147512389, 0.12852229806029253, 0.03833844847105303, 0.06696480450289702, 0.015776566398334364, 0.12706232851396437, 0.08591733470598731, 0.05787369525766103, 0.060509132726366065
0.05817109679732742, 0.08310841244586441, 0.0462176646280722, 0.0369812690852355, 0.03535555607674745, 0.032513160822875246, 0.0724508477732242, 0.057402195265756885, 0.06536430196882244, 0.014325207710343903, 0.04278106456431745, 0.10263719024073364, 0.07361602591427956, 0.05416102700380885, 0.01840255009078065, 0.14251358374187428, 0.0639988458699359
0.07734732514312427, 0.08752301488570237, 0.12572509013250555, 0.08983486450861274, 0.1445009299982757, 0.026124976676879644, 0.09024821451879604, 0.35869558413610386
0.028435980129754672, 0.1426061231451645, 0.03417378199457831, 0.02807450989776317, 0.02284228742557425, 0.04801013243020325, 0.04055188561167459, 0.0731428719047308, 0.06390952834416225, 0.049814235455327885, 0.062191744106569545, 0.013510312036643567, 0.03684287888953006, 0.043938952481541435, 0.03131650551640144, 0.012489279113426894, 0.029906346230647512, 0.07356171798019306, 0.029606182928288777, 0.06121382372504602, 0.07386092065277805
0.019804393469990852, 0.03601222922783566, 0.03540362721633948, 0.07491120604037498, 0.037904518218614416, 0.05500180425817424, 0.05843891898604311, 0.024907984898105376, 0.2151130589755357, 0.025913240707192853, 0.04760963435134914, 0.018243816773886125, 0.09903932114385931, 0.008711274124542305, 0.047692048856334365, 0.01433385915540334, 0.035031070051419574, 0.012941775854106443, 0.061413836923400175, 0.02006945199929473, 0.051502928768197884
0.02891456481716586, 0.07279791201585083, 0.03942900381424833, 0.0686507577555744, 0.04127693781569901, 0.07393344841990025, 0.05584770564492364, 0.10559411138153768, 0.10496426080371556, 0.03739427667936529, 0.05430000579799767, 0.06011287428518052, 0.023421522498090094, 0.147671415992527, 0.0114587054519924, 0.07423249682623151
0.05446513375957455, 0.11064279929612451, 0.054771749965855404, 0.05676347316275175, 0.08230014766713831, 0.121719793923011, 0.12665905639732108, 0.055905475007540936, 0.06960025332970096, 0.08768379308386, 0.03574958532240065, 0.14373873908472093
0.10023319368328465, 0.03683750897620523, 0.05355023158189633, 0.048348573014650835, 0.06310729725733118, 0.022972390975877943, 0.05943673484541671, 0.0454249016231032, 0.04128450074095995, 0.019231281223276196, 0.04581898664294025, 0.026984274225369406, 0.05178551348821804, 0.06354166418003686, 0.03149381793321004, 0.04149187079233067, 0.10483518998566509, 0.08857747020549986, 0.05504459862472757
0.03503542967362173, 0.04334525853205296, 0.01988299402084147, 0.17315905746891183, 0.06778385331134179, 0.0195253191999183, 0.08371148911173298, 0.01574139381642921, 0.049727727318553565, 0.04476948498709884, 0.023651004573466108, 0.030789726338989087, 0.053234009929643604, 0.026413537481971724, 0.025580608982572476, 0.01920287986436789, 0.02092694419163868, 0.16472738295669884, 0.058268690199023074, 0.024523208041125986
0.021945214614620005, 0.08116891480858858, 0.12890934372175514, 0.015564190501540641, 0.031472878180640936, 0.1537064483092348, 0.050534297734363964, 0.05081792369271986, 0.030733976632695507, 0.014117204606018662, 0.018510291986536736, 0.010769473554027856, 0.054721555762770914, 0.020660784938807318, 0.01650577067479301, 0.014154072165669461, 0.008823432545954328, 0.027693020104697586, 0.018685416570188705, 0.02338581719949266, 0.011481937273095827, 0.013663389338437266, 0.017112583535857144, 0.016243275846146387, 0.07877457223536263, 0.027051464533398607, 0.0135052022303278, 0.029287546702257656
0.2134276196732821, 0.3707751919241727, 0.15882848939039623, 0.2569686990121491
0.030828281844232232, 0.03251268504928621, 0.06530542353809604, 0.03840802289820225, 0.13123624399293574, 0.03896293514923977, 0.10008612474277451, 0.012341797701790965, 0.12017664680764938, 0.08719182833336628, 0.0511355835794987, 0.021245230679511385, 0.13873085606546354, 0.06772568435456647, 0.06411265526338665
0.0617050619559975, 0.06954506299754248, 0.04726703500040399, 0.07074116986338203, 0.03409472239236295, 0.04562116915632684, 0.07380085927405283, 0.2577692602950302, 0.05515879346404785, 0.15761717406381154, 0.12667969153704178
0.0661349758142173, 0.08343888284444932, 0.08291020446324722, 0.031486649781335085, 0.1179592745828773, 0.08921773845500819, 0.05732902802486617, 0.037310466612781354, 0.06395087600582998, 0.11019744401613617, 0.07806960480858591, 0.18199485459066606
0.10432213710612781, 0.027427265727712053, 0.043807902510171914, 0.07748547419176151, 0.016501871019860746, 0.06509841247789346, 0.05173651652551049, 0.11687979825410709, 0.032183402279020404, 0.04488177062451528, 0.025675306289192155, 0.02919463488918189, 0.03213017771085238, 0.031142611532251584, 0.027092262524181, 0.02949444211567228, 0.03334016529124266, 0.06661745813025333, 0.08109206917163661, 0.06389632162885535
0.06745751916347405, 0.03481224802084587, 0.04455794361805641, 0.07623686005335217, 0.077427063259465, 0.030808583113223098, 0.09030589308725538, 0.07805065619419181, 0.06136918564007849, 0.04507138169826644, 0.06475732862733469, 0.015413762589915198, 0.027450116973407077, 0.06470790274593148, 0.018525900252281284, 0.13488986688756105, 0.01419244878036721, 0.053965339294993316
0.055916167523636796, 0.039430754644150516, 0.10870002721328063, 0.03038943194566224, 0.04103510409009595, 0.0974658765325289, 0.09284271888037862, 0.13661312554379434, 0.03684812572400461, 0.1503416051647888, 0.04110432454503492, 0.16931273819264364
0.029138393771225804, 0.04565961985739695, 0.04269028129570209, 0.07511469180383308, 0.10865956918771895, 0.07549735268035986, 0.23268166581504848, 0.027216933591205805, 0.057830412176880786, 0.08217989952780487, 0.17482596924389224, 0.048505211048931074
0.03780157841217263, 0.03161824257561485, 0.01813344899858592, 0.02816515561063034, 0.08939765535304448, 0.17801487603005917, 0.05454578039238352, 0.02439444339650655, 0.015049429539620756, 0.014050086371497168, 0.028020331770155865, 0.044413314357929674, 0.006532079501347088, 0.008763821432076397, 0.03639291480830936, 0.017712733347234694, 0.011067855086795891, 0.12045425086429269, 0.03963103175487839, 0.023360478760556996, 0.014797255212251278, 0.05083498076734163, 0.025963342413679997, 0.008998297405141542, 0.04247868903318352, 0.029407926804709578
0.023850458156318595, 0.04289264079311708, 0.02039242621195493, 0.016440326068839356, 0.09988860024075948, 0.04456598520608709, 0.01984018829299232, 0.01835010173559247, 0.027927359790884884, 0.07494277499241102, 0.07445623518916042, 0.044496714339833154, 0.05040463561242452, 0.011930854406470116, 0.03428684091828546, 0.0732617920713952, 0.044544519273331855, 0.03430437857853342, 0.021898743615378018, 0.012364443412064633, 0.03496182696695778, 0.027938213542012993, 0.0025215209600445315, 0.05830941195716625, 0.010785024235187833, 0.028069345928624725, 0.04637463750417191
0.039231187124083, 0.07979683763631244, 0.05253587650718074, 0.05176890547954046, 0.02989630720262178, 0.03464012011672963, 0.025383160921382892, 0.0415624728017459, 0.030538924915840007, 0.031903167138218405, 0.12728516761035102, 0.02267318131476106, 0.0434496364364085, 0.1472535330488109, 0.028694301683135307, 0.1499860895506453, 0.06340113051223259
0.12865412110021, 0.12108347982631723, 0.07247115804541214, 0.08314955556120203, 0.0521590891754785, 0.06169824484106758, 0.03443365408406042, 0.07441986174993721, 0.06641939643522023, 0.09593655797527005, 0.06762739601946846, 0.14194748518635614
0.05537437873970485, 0.11078599398289633, 0.2536713280339122, 0.07840658252918786, 0.0331729230160977, 0.05620399886932852, 0.13339859120146277, 0.07182924030245404, 0.03852575507218201, 0.030513528695194848, 0.06552701268941497, 0.07259066686816387
0.03760955828575351, 0.06955737051472576, 0.09710889926269323, 0.03750944845651626, 0.04571352474247458, 0.05998084077109939, 0.01299457451762306, 0.05237312446149245, 0.15986953880275045, 0.02719092553614947, 0.024926064771478212, 0.03224927592091538, 0.060933109057122826, 0.14453952284346896, 0.0401185756330052, 0.06002816373173302, 0.037297482690998154
0.039447892914655745, 0.06559598929098781, 0.018489964140345812, 0.030276195468567108, 0.02414297102527111, 0.0400291178215341, 0.14097732892438766, 0.013489830203632876, 0.03527768421326596, 0.029227582986443085, 0.012378621748541397, 0.023983169891333596, 0.03216051359158419, 0.025910955931577176, 0.09001689434319324, 0.02392741523410264, 0.07700661854363192, 0.027682635549884656, 0.030992660348965105, 0.03211881333353626, 0.022381999849617633, 0.10803742281108254, 0.05644772183385843
0.02776792741156451, 0.06714826676439815, 0.06249355935149766, 0.03458592991368656, 0.07027492686370314, 0.057776339479645965, 0.029865786554712913, 0.020028350248642215, 0.0491458376544408, 0.02644661899195071, 0.0732053145363691, 0.032420337711658156, 0.04257943466503575, 0.05734165084716305, 0.022808981536567827, 0.07591070740819904, 0.02688581591036464, 0.06401349863897308, 0.020118310164467232, 0.053096164632034155, 0.08608624071492532
0.05248300809329645, 0.16104302161902986, 0.07703900319905606, 0.038751142833015825, 0.05996433685061258, 0.04366418533966494, 0.02789574607315211, 0.08211654130174867, 0.02081288114921917, 0.18514058334399686, 0.03904688418683098, 0.1635138665486043, 0.04852879946177203
0.06730735300791536, 0.14610773485047213, 0.05714651418632226, 0.12304149064251599, 0.061179839406763276, 0.043118186686852876, 0.08348832895792764, 0.05714826163554895, 0.04277890644327735, 0.04076776796961215, 0.031306464139087345, 0.17151587142203858, 0.07509328065166601
0.029433605921639783, 0.07778827328251396, 0.036563403186003596, 0.018274204741605526, 0.031148573728682946, 0.043904066920979264, 0.09000811674277723, 0.10535306111138713, 0.05444005776651412, 0.02964215840278642, 0.04443656265366337, 0.04668879020352536, 0.12428971543346672, 0.034946888088554895, 0.04250209832388717, 0.03627566001572113, 0.025084976470385253, 0.06571540099431677, 0.06350438601158934
0.05504068628178063, 0.06484971826494247, 0.04885691529048377, 0.03359003618280337, 0.06655709199093902, 0.12307994661414522, 0.08332205849895839, 0.10189514046991077, 0.06383351905311464, 0.05371241668994217, 0.03155810960455623, 0.17375530665462258, 0.09994905440380064
0.046986124102536324, 0.03938027193751152, 0.02867525355336105, 0.09055917556675262, 0.029460624368114294, 0.037133280027837084, 0.05133319738400236, 0.02012647899520463, 0.04550038118947577, 0.02092624430970061, 0.04496750701086003, 0.023272390232160576, 0.04087351000342147, 0.06835955766647947, 0.06375242654495264, 0.03632794800467681, 0.04016395723916327, 0.02321142652883606, 0.021612257634589696, 0.041511790829025376, 0.08176011544851937, 0.016818547192078724, 0.0872875342307402
0.011308060610218995, 0.021544277366877827, 0.022932045193971164, 0.010173146497100934, 0.04844953348126568, 0.018508734079595218, 0.0354431802315076, 0.0239187043249039, 0.02011089271309861, 0.029215606046115276, 0.012662984018281542, 0.03009330118105457, 0.03451314796836824, 0.012674541402618658, 0.01675834168638604, 0.017693123252816415, 0.006379908040812724, 0.028908209900864273, 0.022636880433466913, 0.028134880309742004, 0.013707958097059452, 0.01957104821054448, 0.04788230577176748, 0.03552893347962434, 0.019901909487511457, 0.021009763956319857, 0.014725608356399716, 0.02055454850630254, 0.06973557247246279, 0.028346981452293304, 0.04439938548472228, 0.03909455384729468, 0.01018266296722909, 0.025038358038626217, 0.045522899391663936, 0.04062630982839685, 0.014467962034426796, 0.022971327179104627, 0.014672412699183525
0.02481306007175657, 0.011070922217429018, 0.04807036436043288, 0.014439215113170667, 0.03287496959299244, 0.011585829450147396, 0.029810440331725172, 0.01602340055687892, 0.017779831079054932, 0.014645224883252601, 0.025355685418336736, 0.026580164575075792, 0.013130321763073962, 0.02881125784044516, 0.016732629337802816, 0.007274606689604184, 0.021433241714153162, 0.020150804699462895, 0.022667909892168322, 0.007594043253941424, 0.01739301758266871, 0.0253568439477324, 0.015458230331621354, 0.01791160777206413, 0.008519431341970547, 0.02458544895906015, 0.025979750429466684, 0.010083103377726468, 0.04546928382109633, 0.022659366429599776, 0.017317546841778636, 0.01495275254582623, 0.026431832662149914, 0.013692627768215424, 0.011050352771834374, 0.033295605184639, 0.008534276313977877, 0.022497199731354212, 0.012922777319463551, 0.023256357400951253, 0.0267371344275277, 0.019740668710388178, 0.008663920963414954, 0.018242272771717697, 0.01414184264855843, 0.011482233701931258, 0.015983879929016453, 0.008146470731060814, 0.030535541288107388, 0.038114699454175116
0.026011544935620814, 0.027842661456482874, 0.04573301059346484, 0.034184561012981445, 0.023482351748154634, 0.0844788204452407, 0.024213256116316088, 0.022206455289504365, 0.0265428467178569, 0.03327395274389017, 0.046196305111634674, 0.013754265977236186, 0.04540975711723187, 0.03810278870516752, 0.03449207847639538, 0.030514383664686485, 0.016152985246002727, 0.02690352314657083, 0.02180845782883573, 0.01542043861125283, 0.04703170326212756, 0.03666328085707831, 0.019873332613469064, 0.008280878931349728, 0.021210749903932763, 0.020025354016462008, 0.01160030578211619, 0.037356410923978366, 0.057027001228956965, 0.05109846173833612, 0.03012979668771862, 0.022978279109947243
0.03019505694479204, 0.025569915310917245, 0.0693662086127172, 0.03751998505559312, 0.031892112358138325, 0.04659444116526989, 0.07092439680401673, 0.01590889246360261, 0.02312915999266583, 0.01205061890569456, 0.020761515628138442, 0.013637258162814333, 0.04594075024509171, 0.02608760938142651, 0.10132810294342898, 0.021673253901571436, 0.019992708062433657, 0.032305138560740305, 0.0337160032179001, 0.023847355227266876, 0.08501794102722418, 0.02576715922578943, 0.014607807038846288, 0.021969139795847508, 0.04340985805263226, 0.0765636494434539, 0.030223962471986613
0.03133019487230926, 0.17187748726346597, 0.04552230489087981, 0.030014184849525893, 0.04630142842750786, 0.07023558212742152, 0.04274292796110974, 0.12241558447601066, 0.02709156750682417, 0.033085137951120495, 0.04021204059267414, 0.021200392052140936, 0.1416042674808012, 0.022758828993035933, 0.031972336159769604, 0.03329249563757613, 0.08834323875782661
0.05405655888582115, 0.10337016628536795, 0.03058253464257679, 0.1148179442891959, 0.12050346952148355, 0.05042319612087035, 0.045092333812770134, 0.04882703122014917, 0.05522341569420373, 0.05665611769752033, 0.07502744169328036, 0.03196556463056703, 0.07936001831912957, 0.07229090825656351, 0.06180329893050047
0.08582330135511815, 0.06687550255632191, 0.06453778392826358, 0.13003229680812756, 0.07383116088762177, 0.12402075846464368, 0.13550936048417017, 0.06618055514227376, 0.0488672128015139, 0.0952507780551804, 0.10907128951676519
0.035283743094115784, 0.05409617510244533, 0.052442175203090254, 0.09762862328265764, 0.04842644301129191, 0.030313086178481642, 0.11462378201858707, 0.0659733540396133, 0.03296254608476245, 0.037931176902827, 0.0550159364090269, 0.045387604100020136, 0.05255636022902473, 0.02798628260969677, 0.04759812892211737, 0.03276650967743766, 0.05191400642182751, 0.07880137977696772, 0.038292686936008805
0.06245314000686831, 0.03555172299863929, 0.05426074274947465, 0.04721499641863242, 0.04098107466142133, 0.09041293949752026, 0.03431962025120937, 0.09858971352967379, 0.05524735702744952, 0.05365540365797682, 0.056467779888999405, 0.03345257422108609, 0.07899719220502262, 0.048543585689672354, 0.07476377222759048, 0.038911654509900306, 0.09617673045886306
0.060294796795611054, 0.01778518272012209, 0.027464209920949566, 0.030890693778533162, 0.022218603098758827, 0.031222482577755676, 0.0713994337185976, 0.0536043986825601, 0.02801096069816649, 0.021509153256282505, 0.037948350113744776, 0.01864110308819255, 0.055148557430189024, 0.016874240975326686, 0.03182212720115733, 0.04380676425992499, 0.02402576919183006, 0.08769955947256913, 0.01073935474469559, 0.05967855952429364, 0.02769232869634021, 0.05842411961388688, 0.022007862011358226, 0.03161450151379536, 0.016423085347039665, 0.09305380156831873
0.033859117231891146, 0.03253622811011612, 0.01653607612014978, 0.014029822743456627, 0.14477239325133845, 0.045663970985751395, 0.020860670879895397, 0.02034041776178206, 0.03054443191984119, 0.01935852121851259, 0.11769733516464446, 0.03326538105966446, 0.09718647817276532, 0.03511756953983231, 0.20360061542766789, 0.010005724363812411, 0.03416124021073204, 0.025688776942343314, 0.009034516581658287, 0.055740712314144715
0.10089622534446434, 0.04831574770799585, 0.028864401611524097, 0.04398021765872914, 0.0869483050057493, 0.05979563053723261, 0.02051177860190318, 0.11960225840176096, 0.04758065677694767, 0.022298910152289072, 0.07090895571672337, 0.16273047481591998, 0.011136161977111968, 0.0331859240873425, 0.06785088331038508, 0.07539346829392082
0.02113745540284199, 0.021880741753578674, 0.01626045611927322, 0.05409696653379419, 0.029722215801640927, 0.05166469111274898, 0.06867788400994562, 0.029548912534144278, 0.031973077252624695, 0.06052138308030409, 0.043815467539266253, 0.016496991792888414, 0.060152121190612404, 0.06963267106066216, 0.016351031615982187, 0.03799248007137595, 0.044124245791456795, 0.016457689911228635, 0.03911779815557025, 0.034957055590083316, 0.016791046081236986, 0.017074566072835376, 0.051303098029264596, 0.023424513505504254, 0.03748380571020911, 0.04614047910489217, 0.04320115517603444
0.05289995125162669, 0.15709357566034432, 0.10800574098937986, 0.04916843648842956, 0.15417673424541115, 0.0631365489508968, 0.08812955174840344, 0.05526922329735206, 0.11691070086980533, 0.1552095364983509
0.06447722322993268, 0.04170423280593862, 0.06366601868916805, 0.02519039872461649, 0.05784628761583266, 0.03821521595596836, 0.018211389108808977, 0.04701758526389284, 0.03081373806606326, 0.03200614870369478, 0.022178333927287273, 0.14917075690226286, 0.02877140254674036, 0.04585338300913412, 0.0758806584890809, 0.03014728101020375, 0.08421704832394103, 0.05960833212815701, 0.08502456549927598
0.032647056646200594, 0.036372087371286846, 0.05052053691014867, 0.03121952171217267, 0.0643463380622561, 0.037716568642944294, 0.17957663938383486, 0.027930680343465627, 0.07820426247812651, 0.07036678932776606, 0.028085655405818352, 0.01715112733273194, 0.06627068854869204, 0.04633470102181294, 0.10083057862113, 0.011170939825330076, 0.05164903505762359, 0.021142495905407805, 0.04846429740325117
0.12347452720306738, 0.37868767228286204, 0.08729116944337723, 0.13511259599593725, 0.13183612727609562, 0.14359790779866063
0.028716070619382836, 0.02484986253777278, 0.041349766574747836, 0.022788674072645145, 0.03864775440781339, 0.01903465768419694, 0.12199770868895037, 0.10666568080415502, 0.022435109858599974, 0.04899840489510168, 0.04530829511475097, 0.04025552208155262, 0.017131151633212452, 0.025998195724116966, 0.014684097763843358, 0.04787344617145363, 0.023779820776840387, 0.03908198974046711, 0.035600319943529385, 0.005203877016652929, 0.01491798715695176, 0.04051089725231653, 0.033151145292296166, 0.030198665176097, 0.01799947240328044, 0.03314389894459019, 0.025038248690039566, 0.026590649019997515, 0.008048629954645056
0.019656226804985168, 0.048705429233473124, 0.03457508425372866, 0.014134121379987095, 0.037561693786319836, 0.0188238473536316, 0.06050546649608659, 0.02662748574732469, 0.017497767423721042, 0.0501478105481998, 0.01880815164667292, 0.02098955565486885, 0.030545422617631945, 0.010548364706836167, 0.025622396903531405, 0.03223438463056822, 0.018389314746170338, 0.055666909127122015, 0.04001323024518641, 0.02736492414222725, 0.018195152970106657, 0.02834667994314396, 0.016606533086479393, 0.035915025687447595, 0.02218766897284965, 0.03907974918149712, 0.01770392087619396, 0.01805740160054347, 0.03702552906084915, 0.02742170249502874, 0.05485688975450966, 0.02421369315137435, 0.035968659899815285, 0.016003805871887974
0.021520787420756332, 0.010205482478849705, 0.012584417613623, 0.019072802715488942, 0.0269055337877274, 0.04735316017008088, 0.010362098631267462, 0.020714113052403067, 0.02004469288266559, 0.01451559721958021, 0.012703034535569358, 0.019269792752218715, 0.021172411972792453, 0.020545036423539054, 0.02034217198221591, 0.05645415077688926, 0.007723201267503539, 0.022537128876749968, 0.027552126279913304, 0.015739870539159664, 0.058659174569583264, 0.028604393375457556, 0.014446401654393858, 0.009197190511106115, 0.01947020435035519, 0.012348393941837794, 0.013044233264148358, 0.010059776414994597, 0.028710292836638025, 0.018276195328326136, 0.013074167235297295, 0.009938842752091882, 0.01867043456395996, 0.012081259936559997, 0.015089226491567518, 0.00953753572639893, 0.022380633304204353, 0.01601216979348999, 0.009596746375033355, 0.03161904782426936, 0.01461365948996067, 0.014516958921169793, 0.03575838218368899, 0.010220797159897441, 0.0240647997058452, 0.03538215432345947, 0.007360097117126346, 0.016271337863982303, 0.01897001469242525, 0.010789535610153752, 0.013918331303583486
0.03873009030288584, 0.07134071855940549, 0.06402117884724046, 0.08946497199056627, 0.009034622723250967, 0.05678084210030536, 0.04557342898389885, 0.055121682106520374, 0.0480448559831495, 0.02667047452598038, 0.019331948645373083, 0.011948518240773351, 0.03718978975603693, 0.05394284592586191, 0.03317710823987033, 0.05126302944582518, 0.11075607424972894, 0.04470240176956266, 0.062281042314440094, 0.0318658491793951, 0.03875852610992894
0.03354786334054837, 0.019528109421559095, 0.024825628229025114, 0.034553146594758735, 0.022993693629078136, 0.014899512572146731, 0.06517786687562728, 0.07249467369622169, 0.03415823648034387, 0.01788726485359935, 0.052648637388885325, 0.022077644974109273, 0.032201103853138284, 0.0473374096927366, 0.022577523853663677, 0.0334480102451887, 0.02136993731690455, 0.032165735772221954, 0.025427585508604345, 0.021777826346368108, 0.017194087125867796, 0.022525493241804063, 0.019250224849008287, 0.011148362970476266, 0.018074947199323146, 0.03581182222482905, 0.019935817962536833, 0.04101247496909586, 0.017330128837341377, 0.03064066047056846, 0.023167212806996254, 0.023256239709634422, 0.01168707230597032, 0.01441246799108019, 0.04345557669073852
0.043511729897339035, 0.03527790073047805, 0.023830116569860137, 0.02274715472860869, 0.04582105286341209, 0.018310315323311132, 0.11850935030948392, 0.07148674053571255, 0.021997645047504833, 0.07914435398519788, 0.04385176527255379, 0.06659931552027959, 0.027089991692026062, 0.04908682290333482, 0.048495981396854765, 0.0307905252802949, 0.03507695764303522, 0.059226622332297134, 0.03960306437584595, 0.08609719208063604, 0.03344540151193345
0.045839995500526025, 0.05135748525714923, 0.07845252488312117, 0.06944109199914475, 0.11792168444458125, 0.07471644590121217, 0.05051929855657782, 0.0581051280370678, 0.04818542900736345, 0.03542815760034153, 0.10413109328380293, 0.12625806807875187, 0.0771373066370387, 0.06250629081332122
0.028586629047816735, 0.02909333988023336, 0.022502840565664158, 0.07685488474723254, 0.1275999623301647, 0.022317038564692394, 0.018965025263542323, 0.06681048120685874, 0.021836125659709296, 0.047476000762366445, 0.03978155652853681, 0.07996931459772195, 0.06435729226064588, 0.07230095216779983, 0.06411344707090097, 0.029198195294464224, 0.06634495967719058, 0.00799583671860809, 0.06174656186691744, 0.004899653767905967, 0.04724990202102763
0.043310106753334215, 0.17659372259575484, 0.03249745964255832, 0.10895288173234316, 0.1458989312044659, 0.04805492358801236, 0.039973463823105945, 0.060156029774177604, 0.04170459909071066, 0.03624003059989282, 0.04857430442016644, 0.04778048774839153, 0.07756608401510166, 0.09269697501198447
0.019072993618843737, 0.1134835266618805, 0.035179025715151954, 0.032422662575011627, 0.025820295196280468, 0.034418255588889515, 0.02221904544760439, 0.02757372207255626, 0.028698474727550577, 0.04019196973418198, 0.021205873094359565, 0.02612451035504443, 0.04373491039391079, 0.06262833011381645, 0.01368079080226147, 0.030447588060971763, 0.023816127660833623, 0.10576757662380482, 0.06610144493113321, 0.04315257624822732, 0.017148258536720425, 0.08764509459322542, 0.05235698239797992, 0.027109964849759798
0.03882458755817398, 0.032578364617710825, 0.027752981923568735, 0.029013064676468605, 0.0223520172574665, 0.03246562470083974, 0.03287991272437339, 0.03302708620001852, 0.019185245531759234, 0.022485064230806835, 0.048765010785959476, 0.012304811826844115, 0.026592478240437162, 0.023334775474323735, 0.02276566588434707, 0.04510780105879951, 0.03489134557487208, 0.024552142674841144, 0.02328319587808804, 0.016531943803999326, 0.028645123429728355, 0.02518085646656659, 0.01397555063506152, 0.025220245504408084, 0.02231752294669665, 0.02995206218800942, 0.02948225665421138, 0.00982730466843677, 0.09863344696222508, 0.021027484113772907, 0.07874087409181241, 0.04830415171537282
0.02254267630648521, 0.05783152705754986, 0.03678322686285089, 0.04526885042906679, 0.021465490449225168, 0.05494310906080828, 0.0235897023359668, 0.016845399148277866, 0.016513130205632914, 0.10028045814425747, 0.01617921422018606, 0.03843726502958702, 0.02117553605024543, 0.03986041968290129, 0.02463117888640754, 0.025785516902911605, 0.006611408542799403, 0.08936128690273945, 0.009126647004267298, 0.058082441717012066, 0.01847985217110259, 0.015071566570315982, 0.024127603438756494, 0.013311955400406495, 0.04498332878396362, 0.02258615914091532, 0.012943017052744187, 0.02076192083751259, 0.030847506551089067, 0.01339742954794934, 0.014489399045708706, 0.027552065313659484, 0.016133711206697775
0.02898985723103467, 0.059779838505917136, 0.025437290448634676, 0.039252059180381424, 0.025220861297919502, 0.19047885015022062, 0.0844201644724614, 0.036007416375929434, 0.05955878105524095, 0.05833290425259637, 0.030591955143624425, 0.04743646252780971, 0.06917342652637479, 0.02570435487626197, 0.11390702899067989, 0.07155609359875434, 0.03415265536615874
0.025597376888745943, 0.03701304570782977, 0.020450799414217735, 0.04820944469886895, 0.022653702001588106, 0.0299710597038211, 0.03484692927390755, 0.011454767871947364, 0.06590131812552165, 0.016126780236278532, 0.03617462934860001, 0.011481153293431854, 0.052978821778319564, 0.022950759177122637, 0.03927933596341196, 0.022208023856724848, 0.022757558462232912, 0.021870767661704427, 0.03431780327359482, 0.020755973347305754, 0.005598987655067526, 0.024269777939512783, 0.014670122088218749, 0.011927159204296066, 0.07355387738247307, 0.013220418683844845, 0.05946992093870892, 0.01702867688025348, 0.007510062740700593, 0.04929663444383657, 0.012903389281936056, 0.04548057039144144, 0.019564335228087624, 0.04850601705644677
0.0316954640205181, 0.04693581645238023, 0.09028331444149697, 0.050567971048047264, 0.025130826235753828, 0.06667960028629635, 0.028061316094159756, 0.02372581133468114, 0.11293077540703725, 0.07514621325163312, 0.028333226731246247, 0.035356618513114446, 0.02503287978157798, 0.12634141027366186, 0.04308044536395293, 0.04110152739016775, 0.04221116785187597, 0.03976928820425263, 0.06761632731814624
0.12346757250796526, 0.09666096618654621, 0.04343813055164474, 0.08956759278196037, 0.044273444773697705, 0.10226292397169885, 0.07982745689935783, 0.020396804888657083, 0.10520619144297486, 0.29489891599549706
0.07044687211299033, 0.043494610651854865, 0.10923859675794265, 0.06880365518159329, 0.07395859912366928, 0.05506891508008572, 0.04892559539620103, 0.06058226159538865, 0.03459581892045455, 0.04136700348178877, 0.08148687436880822, 0.032592910404764745, 0.0213434225784821, 0.1172485935759357, 0.09068936680440191, 0.050156903965638225
0.03060983711848652, 0.01894108476108586, 0.07334396177419608, 0.020836426399984623, 0.03335561515997313, 0.024096048739821813, 0.021845153187808723, 0.014825482620421871, 0.02138011290894881, 0.012467310767056771, 0.045999411406845644, 0.011743071983654685, 0.02056705843380733, 0.02003336406229862, 0.021973465556774298, 0.018442245853005763, 0.02179091626317167, 0.021379107629897365, 0.01600244751738546, 0.049191441800835796, 0.014494888489160349, 0.035238838623613225, 0.024299649863877133, 0.03219764386150758, 0.024760242204093653, 0.01930559116375883, 0.034961923931169835, 0.01716787241420605, 0.017757127223966246, 0.05860547882406451, 0.02393615731645285, 0.021223913058972803, 0.029113626823660924, 0.013763098118665692, 0.03781979006946796, 0.04003432196072054, 0.020587761969928058, 0.015908510137252897
0.03979787306214258, 0.028044475404714688, 0.04340044258134091, 0.020575191984246597, 0.11188998189988136, 0.019076684024254786, 0.05666303456867899, 0.05005197008706551, 0.032184732681329355, 0.019394679183682983, 0.03322654622787957, 0.01434606601252909, 0.08247897958441175, 0.01126778245755159, 0.03166597005676112, 0.04840137101121462, 0.0383693454176306, 0.03849484652089959, 0.0242876334378404, 0.11025989133199249, 0.012616140226978165, 0.021087830606097424, 0.017859146586519006, 0.015448311618026664, 0.045339661001669536, 0.03377141242466062
