0.11542012798719258, 0.17433571925095256, 0.13936056524648768, 0.06753632633679374, 0.04560148392281121, 0.02779655606587287, 0.046550116158435864, 0.09478997544937427, 0.07232730746644109, 0.13789130235459918, 0.07839051976103899
0.13325078456839617, 0.143057470451496, 0.14155654413936727, 0.1294368268364456, 0.08608415136890442, 0.13090097462233619, 0.008374732118664236, 0.06653346709055753, 0.1608050488038325
0.23656957173768367, 0.17364688833232475, 0.1037285564433909, 0.04649857737844309, 0.031726829090614604, 0.09016357356287641, 0.03572839588268587, 0.04675455623998117, 0.05932647008986212, 0.005815435735205152, 0.17004114550693233
0.26887920057829684, 0.07749535194663898, 0.118384047287078, 0.14461518964926948, 0.028188241765640668, 0.1637272788306278, 0.08666485879544496, 0.0304439676636883, 0.08160186348331505
0.0892705644174924, 0.19593734878673266, 0.06515893260433334, 0.1097222624951348, 0.13360436098003392, 0.01660160630630336, 0.06164582943923216, 0.13627029595625129, 0.1340868799209031, 0.057701919093583014
0.31858991699905814, 0.1673777845870478, 0.03653300719231583, 0.11205556220017221, 0.04025060873300188, 0.15428342751417587, 0.022803977605279614, 0.14810571516894855
0.11283316389668709, 0.2620729944399024, 0.0928682217869455, 0.12757746524115138, 0.02653295708534114, 0.0834380391227608, 0.00394843089925517, 0.0856984059233733, 0.009027759014836026, 0.10402720483120453, 0.09197535775854264
0.2269424183788955, 0.0840742375817091, 0.0232641665334417, 0.12502585029480998, 0.09806146815663415, 0.10271011628088395, 0.10632698783585749, 0.0430434292900031, 0.12808025332338746, 0.06247107232437747
0.10434472309350928, 0.15377818051690773, 0.10617585925931676, 0.13852278623331515, 0.09703482986286674, 0.11333446542535704, 0.11758902639510171, 0.12190117378632871, 0.04731895542729686
0.09574820863162305, 0.15637082544706327, 0.03272579520693244, 0.1922146166643757, 0.10537416042191189, 0.1619740394044916, 0.09208597149962787, 0.1006232290473873, 0.06288315367658681
0.31660453901553887, 0.20357291465375793, 0.142369136810674, 0.2469317590575616, 0.09052165046246763
0.12483628977924269, 0.20607502889635732, 0.03141755571850352, 0.11745008431031305, 0.08157829378604171, 0.0765466461265159, 0.10187467003804014, 0.09827170381660963, 0.07545289640959237, 0.008492126830251707, 0.07800470428853194
0.3543728442966483, 0.04436495055993582, 0.11367814402847891, 0.034624755560705746, 0.12192805412329659, 0.04322129245430769, 0.10488393026988313, 0.18292602870674368
0.18880704069563856, 0.10957305744477536, 0.08635448770090313, 0.07477298384416063, 0.03021284432458333, 0.11125818771464434, 0.006928600855232912, 0.1594885277024857, 0.11882531649523169, 0.022098778920805088, 0.09168017430153923
0.2839467082103715, 0.2829190041514826, 0.09631858497549271, 0.04619987741193863, 0.11026473639804873, 0.019465218024842922, 0.08562176438725785, 0.07526410644056492
0.09941669986450463, 0.3217021294756852, 0.13889485205830351, 0.10888258708439831, 0.11879754297169548, 0.04353992224035926, 0.10323765884172108, 0.06552860746333257
0.22049404497520958, 0.1662285075777974, 0.06565755642293496, 0.07610347734310904, 0.06528338645130619, 0.08028093880075846, 0.13268563009605985, 0.011195892329367607, 0.18207056600345684
0.07362584623940646, 0.167408235730556, 0.06881227382989513, 0.05016954767168721, 0.0731506444441409, 0.02514988378194424, 0.10313192508765168, 0.04851981965163159, 0.026801719259912992, 0.07744798081586723, 0.2857821234873067
0.2519870109319852, 0.11238455832987866, 0.019912594480638257, 0.11782025943461225, 0.10838165772393149, 0.10243172922059449, 0.07656675063790006, 0.013067685238244737, 0.112885360658451, 0.08456239334376377
0.30329291379276085, 0.09270858602272915, 0.09070892680685874, 0.08662717691093852, 0.1293570374666306, 0.0068040025839773205, 0.07406853576768588, 0.07734212997908153, 0.09142207818632944, 0.04766861248300797
0.2714815191850456, 0.15795520494973359, 0.0644032220781696, 0.0964350050033143, 0.09853020188360082, 0.05264369456063664, 0.12559992574375034, 0.132951226595749
0.320730703001882, 0.14278624704987555, 0.12454842692734272, 0.03197058517356748, 0.09865778823906556, 0.12518631056436616, 0.15611993904390054
0.17057826261170358, 0.04496695728821353, 0.1340925953026737, 0.07365537167794144, 0.06896846337479823, 0.05287683278139701, 0.05885934914828327, 0.10211193976869114, 0.088236357100097, 0.09417486822348423, 0.11147900272271682
0.1541227957969814, 0.23257653856533275, 0.11006062931781067, 0.12000180053707571, 0.09390453638069966, 0.07342102944947636, 0.04180287113066125, 0.09400204096401532, 0.080107757857947
0.2898227529075499, 0.15433608399863524, 0.103888423190355, 0.09782085930158493, 0.07452997853323201, 0.030502682758274446, 0.06288881842707712, 0.07369066989046043, 0.026603730317966288, 0.08591600067486464
0.2615461537676425, 0.13094226219387609, 0.04969173129633781, 0.09723332781854245, 0.10594099614125174, 0.08411936633851916, 0.1137753163344069, 0.06380835462427313, 0.09294249148515009
0.2085135107498318, 0.06206952500308397, 0.03739039151638373, 0.0821354661135916, 0.07861949804802222, 0.09694316395129825, 0.03242498387637621, 0.09030034177677525, 0.10157578921158213, 0.0972000827810979, 0.11282724697195684
0.3210642489786554, 0.12882399716844803, 0.01914227319855639, 0.1035893818538351, 0.145610031516546, 0.10355395225829488, 0.09313395166984784, 0.08508216335581636
0.2625316418150443, 0.057604587593373696, 0.09946375204482052, 0.11128047513006778, 0.03461455983178643, 0.10789438771407357, 0.007942668370177222, 0.07693790551760557, 0.07397273733234191, 0.10264013694263045, 0.06511714770807861
0.21777596527526474, 0.04310640643230331, 0.12044491544390457, 0.16888366538891497, 0.0429169713431568, 0.07396581808773148, 0.08910072445461613, 0.012291540504125122, 0.09229850822467862, 0.024369736087338823, 0.11484574875796537
0.3042894654526849, 0.1515121948315755, 0.09016701009047025, 0.14272153117405417, 0.016094692525568183, 0.17086929604140433, 0.12434580988424258
0.1743927833516136, 0.1568880006313824, 0.13050223735827632, 0.09486527208442617, 0.20096725558636505, 0.01931747599884721, 0.1635186404311679, 0.05954833455792136
0.21129942683348707, 0.12425653070213372, 0.09489600756034337, 0.10346392704439807, 0.06133033803164697, 0.10032150173348549, 0.026487378671831034, 0.0696931479068327, 0.13385689699515124, 0.07439484452069031
0.10703425177179247, 0.1869742514998479, 0.13256049307065568, 0.14158464786752548, 0.0745931401540751, 0.10919255586358229, 0.14144754558533135, 0.10661311418718973
0.215629083114048, 0.11282305215329816, 0.08610889555369189, 0.01751038538370716, 0.06453917063528405, 0.023179283306370188, 0.06487246359850424, 0.10992214014234211, 0.09091506408378114, 0.11612175173629226, 0.09837871029268082
0.15202133820617916, 0.1809925822665816, 0.06796586048518505, 0.13342189103822252, 0.08145046889669005, 0.21939936054213227, 0.10536489954785079, 0.05938359901715855
0.2168262646151518, 0.055778594440231505, 0.1321482573654807, 0.1361323324133582, 0.08266995664833118, 0.053064407527220574, 0.18678878060052848, 0.13659140638969763
0.18144055179872978, 0.05370528319816419, 0.0984052175863189, 0.118951059388488, 0.15203017548911957, 0.12112321426290616, 0.09810175791050074, 0.018465674845104224, 0.05123197609438757, 0.10654508942628084
0.21643963608330266, 0.0659133835554377, 0.03953832156137258, 0.1268710128413669, 0.14057744590571905, 0.07236167891615741, 0.11281205271018746, 0.04347669266691599, 0.12634201858064598, 0.05566775717889419
0.33578001593189233, 0.11450741439050191, 0.10613615863539456, 0.05109978178695813, 0.0759185643035692, 0.06867801804975439, 0.044003174132938916, 0.07888836628594038, 0.06354021289734621, 0.061448293585703855
0.2292803290786074, 0.07606759049450125, 0.09808497460105638, 0.07752045031801678, 0.13073478890515164, 0.07287845476540433, 0.0842340365701375, 0.015163688270382418, 0.11095185963854184, 0.019902977430009967, 0.08518084992819044
0.18948916064469926, 0.12648753566570337, 0.07968607890307687, 0.12314038301106436, 0.09242054052529636, 0.0972687329427337, 0.11936135163752466, 0.011911759678909659, 0.08314957354521627, 0.07708488344577553
0.07930392571507133, 0.19175569372733955, 0.09490247386677333, 0.13184442096876625, 0.0894836293910456, 0.059618753646136606, 0.06233700917412714, 0.09707598915413596, 0.1088037257973051, 0.08487437855929922
0.19151507377247184, 0.15036113853438196, 0.09398126131054042, 0.0122054421339957, 0.10274263428736959, 0.10171269515466878, 0.10581552027703664, 0.06112723883891177, 0.06308048876114118, 0.11745850692948219
0.11649913857014138, 0.15509134264785648, 0.14996622118552877, 0.08045431858249905, 0.007557969010728966, 0.10621209266669784, 0.09363294028651961, 0.07409816678730755, 0.09762492711672002, 0.004248472104416499, 0.11461441104158375
0.2902050193450834, 0.1454041223267961, 0.05515649577933368, 0.10906902295737841, 0.0632962199074013, 0.06310165529409682, 0.08813621442700398, 0.09292014092821536, 0.012132249233799951, 0.08057885980089112
0.20474854200827622, 0.09724925627027613, 0.1257236714063782, 0.13754975421208823, 0.09585511351942681, 0.011446495442050874, 0.08123955418148261, 0.07247446276668948, 0.08822139339243736, 0.0854917568008941
0.2338239542859378, 0.13196095513338787, 0.11366461144690555, 0.08712264514877564, 0.10579410222386335, 0.010542934738178024, 0.11435259850802977, 0.20273819851492217
0.13739224242863649, 0.2302247173391213, 0.12627993828899572, 0.10595113495732618, 0.10488491463888255, 0.11337003447302317, 0.009339670157581791, 0.11340123912863526, 0.05915610858779766
0.20514602899289605, 0.15096317099512493, 0.007881261154571832, 0.07558406989173927, 0.09938473301115755, 0.11323586870652917, 0.1071509416055169, 0.08572512946492986, 0.10714961301373538, 0.04777918316379888
0.1366344306859594, 0.20593550475427455, 0.16980574009005367, 0.09252714268441413, 0.11560161074954013, 0.05588896123555578, 0.14122437887160627, 0.08238223092859609
0.21758710970012682, 0.1528370151405568, 0.1832019327793941, 0.09031074397383071, 0.00934610027677737, 0.07152665163836565, 0.06929971004050722, 0.00525454435371995, 0.08205802610351513, 0.01622335706180245, 0.10235480893140389
0.07416535036976851, 0.2618385543805992, 0.13061344737871677, 0.08455766390874243, 0.09551440593647853, 0.06892127480460684, 0.016817645995777942, 0.04341454630597175, 0.09719877184127954, 0.12695833907805842
0.07966184957782878, 0.22198434811258547, 0.10293158752979892, 0.07041140989974702, 0.030343676993173415, 0.07877869475713511, 0.09890690554572446, 0.08865231949645494, 0.07582247478779726, 0.008265739275928425, 0.14424099402382623
0.20944817769970764, 0.16708709004450975, 0.13120452260525017, 0.09618093561972287, 0.08097605175945503, 0.06914774539719096, 0.005076783979749722, 0.07832159289117398, 0.08537223001986508, 0.07718486998337486
0.08519934161496015, 0.19063078872973718, 0.13321303761025918, 0.10603549032720205, 0.11750489345787835, 0.11398171663039705, 0.014781444469062752, 0.12884166992391866, 0.10981161723658459
0.20724769174128094, 0.06349126859359855, 0.11827003552969385, 0.06212697219499779, 0.2058711784747864, 0.15361319769737214, 0.11844082359976484, 0.07093883216850555
0.2833741271616385, 0.19040320002239622, 0.14274410302513113, 0.08870978710389033, 0.01017413684574926, 0.19025814054265097, 0.09433650529854347
0.07827195160694939, 0.15009412456668597, 0.10106040486572776, 0.12466458131590369, 0.08193632303797553, 0.11320917086412212, 0.11179906959865557, 0.09433017970666113, 0.1446341944373188
0.25665988231773185, 0.11736343210487155, 0.13473229663050462, 0.17623975900410416, 0.033175093123888055, 0.07440727837493842, 0.11847334689495795, 0.08894891154900329
0.20544558807105276, 0.1974548328039994, 0.18182159346746293, 0.10898211220340945, 0.10559160280114023, 0.015118934248035822, 0.10011871575391423, 0.08546662065098523
0.15652715178057247, 0.17542080131185575, 0.1458082301269226, 0.07394824244039658, 0.12234746506137852, 0.15381988901770394, 0.014595119656628725, 0.1575331006045416
0.20584171347105557, 0.06753759537355322, 0.11530384321540797, 0.10190581859550094, 0.07094093604593013, 0.14467448583508227, 0.1394441489997711, 0.04832761002268725, 0.10602384844101163
0.15671983268507497, 0.2006959871325527, 0.08506645044471807, 0.03501236943389546, 0.0663688666311991, 0.05860141244205189, 0.07055657332087571, 0.12523110859694744, 0.14497970833944598, 0.05676769097323868
0.33169706713568764, 0.21466588856936855, 0.15212773060687595, 0.14144023644753803, 0.048851105293605805, 0.11121797194692389
0.18386413404481416, 0.08355327199947725, 0.08632377344867805, 0.11308473212443197, 0.029897171569641615, 0.14654817016818295, 0.0678160356096189, 0.012313030135038688, 0.09716639178486794, 0.08368272668502365, 0.09575056243022476
0.14315084979139878, 0.19845822199116545, 0.09687749359707448, 0.16203617387563063, 0.009267271349064332, 0.1271947255173904, 0.1528995723503682, 0.009109063613415885, 0.10100662791449184
0.22674568903730777, 0.1903076975057064, 0.13995906308563694, 0.006828064808833886, 0.10921982691242632, 0.09701187660041877, 0.06375490832124713, 0.16617287372842274
0.2165631349233208, 0.16402910125908696, 0.12372952613283941, 0.031140319092037783, 0.16362171985467813, 0.09942371588508973, 0.08491112813463873, 0.11658135471830842
0.1317651560600131, 0.19681855468713555, 0.12130540314653729, 0.083739294091479, 0.07921476170409317, 0.016706132091886965, 0.05711914192067381, 0.0743174983459921, 0.07570427345070267, 0.09511233095483536, 0.06819745354665091
0.32013500730520467, 0.18460427071960364, 0.14185697159859215, 0.12964538066920847, 0.0170399133031873, 0.10410540042546312, 0.10261305597874061
0.05892333082095929, 0.28578609824231926, 0.16202831568512682, 0.03338334479054295, 0.13188502186123335, 0.03968784155826089, 0.0666812341686202, 0.09343492352669969, 0.007228335322127221, 0.12096155402411028
0.2098440216691926, 0.18870079659515945, 0.05817138803556518, 0.08010498020896896, 0.1270526725867529, 0.07511496537889228, 0.06439685769034358, 0.11116724799485159, 0.08544706984027357
0.20419283572549105, 0.2165681489190299, 0.024720624190442794, 0.10330941639247028, 0.05336105407985822, 0.08844248716317842, 0.057851919743614325, 0.020491988487813372, 0.1340435513480899, 0.09701797395001159
0.162581167068962, 0.09325129026557301, 0.0935605035702329, 0.07259852037409811, 0.09237421694923653, 0.07247100580819432, 0.04712678573953019, 0.027827520839263625, 0.10455522289891594, 0.006144068480078199, 0.1264283993897041, 0.10108129861621104
0.09651207022068072, 0.2230016699728689, 0.09682435741351295, 0.04069658955502859, 0.11357303620536212, 0.08319989304456882, 0.025514931215486605, 0.16885073643859352, 0.15182671593389777
0.1743966635109648, 0.15599268252002507, 0.0687588602964684, 0.1383954814603219, 0.13195644692656663, 0.20000206349403563, 0.13049780179161752
0.05686208011630547, 0.27496165096864006, 0.12712848998390597, 0.10216605483904528, 0.09427545994426091, 0.055333238254798654, 0.01634629891516717, 0.06001495135766042, 0.026606654508178382, 0.11259623181651027, 0.0737088892955274
0.07869838857419302, 0.21020407088488652, 0.10566068867427564, 0.10176221136321845, 0.07373498401117812, 0.14871661014828655, 0.05850619430967014, 0.09434332434025418, 0.012030067412530153, 0.11634346028150729
0.0655287824764959, 0.3317443280205278, 0.1338671081187955, 0.15469564451474124, 0.13871579856527091, 0.05331429047648264, 0.12213404782768605
0.2929483158964904, 0.09463463109958918, 0.03738111969431825, 0.09075179850130258, 0.08271659962309003, 0.11789307197082088, 0.017719747268839306, 0.11797390343307414, 0.08091254239555519, 0.0670682701169201
0.22481570992765468, 0.02465337332094671, 0.1206583002923043, 0.01617363448388359, 0.08326209147757843, 0.015788274803257802, 0.06210379017218079, 0.1184352607979633, 0.08864388692924878, 0.12349200342491157, 0.12197367437007016
0.10773506704341221, 0.18990079647040917, 0.146407367778574, 0.044774237317634344, 0.02553880931106664, 0.12091252811628637, 0.10111454444176748, 0.07334251148292711, 0.009750271765649016, 0.0538335428281979, 0.12669032344407585
0.22943147928885782, 0.14658828939413887, 0.08897926377401294, 0.06687930468372745, 0.022859222537116104, 0.06972268609064018, 0.08410085676803125, 0.08729668787146062, 0.07655401201023568, 0.035465983812616245, 0.09212221376916294
0.14055527276495997, 0.13513793285856918, 0.11682268881276554, 0.15036566156942488, 0.12483724995717636, 0.07936875474041803, 0.015247399100750183, 0.09397710583677246, 0.14368793435916352
0.26765169009621603, 0.15584617575278614, 0.08078984162795927, 0.1125784255799561, 0.10277746772902946, 0.10936358504167366, 0.022163272886790042, 0.1488295412855894
0.13354061187045985, 0.22497732933071385, 0.1708339773088441, 0.12580905040609566, 0.02084080188674292, 0.1251742576700588, 0.1028412381816148, 0.09598273334546993
0.20795386358262216, 0.11416854627821603, 0.14764088917594143, 0.10388894472432952, 0.023989650329653413, 0.09082504481004816, 0.015150961902413223, 0.09506432005136316, 0.12289211048774029, 0.07842566865767264
0.13511790017432734, 0.13305375887390483, 0.07339970430122761, 0.13478242146993372, 0.08593230991222005, 0.07646186176209703, 0.018340804809694557, 0.09212590484378688, 0.05385307902232238, 0.08125927792265547, 0.11567297690783009
0.2691941274393424, 0.22763500008248022, 0.18765215900114718, 0.07680504105171862, 0.0311539681944714, 0.14732428179230395, 0.060235422438536135
0.14867809799718326, 0.21554439125608044, 0.16185099229316585, 0.1463708885012395, 0.06280309233119673, 0.007029939580310064, 0.08882556874355617, 0.054208726339938285, 0.06712434542562218, 0.04756395753170748
0.08170455149502116, 0.26652602885736004, 0.1874593878869398, 0.15240193220867296, 0.08125333537039872, 0.07857383527314916, 0.11035507457526866, 0.04172585433318961
0.07757943368640231, 0.23773864483490326, 0.1367256279562948, 0.0992554040580223, 0.1125555452788962, 0.13002089081219018, 0.20612445337329105
0.13627119073183705, 0.15973431992494475, 0.09120268410458161, 0.014722478821218452, 0.09125450093616734, 0.11587128526411856, 0.09757864839677348, 0.07709798406298875, 0.015114954198319083, 0.09415626263472678, 0.1069956909243242
0.24936095850209622, 0.039126342440647804, 0.1714795798832457, 0.12574504923890684, 0.11621528231579496, 0.09571307892827717, 0.07590041616396728, 0.045805375320853894, 0.0344844149618661, 0.04616950224434406
0.21924090036171415, 0.13344779615708496, 0.11626544613636221, 0.12574282897004732, 0.08520414232901825, 0.06541909583988248, 0.027636135629657686, 0.06291842650640647, 0.06512380428265303, 0.03663939098881868, 0.062362032798354505
0.08166208801301372, 0.2832705720077196, 0.13837339222045378, 0.120730638767996, 0.14870252618571442, 0.05670550748500911, 0.0840576517054643, 0.027519130665740178, 0.058978492948888885
0.21801207574242065, 0.14976232467834913, 0.11843159343913699, 0.10171689678106062, 0.08956434916067123, 0.0839417470391131, 0.034714189526505346, 0.008577510323660036, 0.10677632129170467, 0.024178680419120947, 0.0643243115982571
0.38227808682280656, 0.01634589346290001, 0.079002618769012, 0.1063821964293119, 0.11885348969711575, 0.08205142029048494, 0.0107595641193903, 0.08395505594761825, 0.004197225467082444, 0.11617444899427769
0.25603609911268954, 0.08179118217151664, 0.030359535073316426, 0.11121000947604454, 0.11864581768308788, 0.09215462419330318, 0.10885505058213624, 0.12193070001796019, 0.07901698168994542
0.10441614760720887, 0.2440198732449242, 0.10893000889905391, 0.11842768011507009, 0.08742402417924484, 0.09612809617714353, 0.11517609499492461, 0.12547807478243
0.07902146761975148, 0.2780353365900127, 0.14891874568049587, 0.08145437839619789, 0.062394996596397544, 0.03363533487942563, 0.020915921295373757, 0.08439963610197039, 0.026170065757759025, 0.02950397252295857, 0.15555014455965727
0.09281168524416661, 0.18594851311005747, 0.05106294450892344, 0.08592623945038684, 0.07785945863610774, 0.14871183262726906, 0.139261011075074, 0.006973183323868235, 0.12139237681729828, 0.09005275520684825
0.10697409148721368, 0.19664828056716604, 0.054874486240025645, 0.1379604270535518, 0.1306236745305097, 0.0411899750478945, 0.03795699372211116, 0.03503535601096388, 0.10779282038338803, 0.03893212866992703, 0.1120117662872485
0.25205275615603984, 0.06595279871510165, 0.13400231613373212, 0.11482854089287187, 0.05191864377218243, 0.10536431343473628, 0.01754995661895292, 0.14440369739685135, 0.03445124315022316, 0.07947573372930834
0.2431204199513996, 0.125993765657467, 0.09172368350625562, 0.034284162155923475, 0.08801089692793622, 0.10857995593937692, 0.05494733821887402, 0.11634136755586638, 0.005966734470010622, 0.13103167561688991
0.15035923942267707, 0.13665342669039057, 0.10069096554919384, 0.07718613692747811, 0.0337473705684622, 0.10900387864764159, 0.0791732101801893, 0.11368603865101815, 0.0984995652506142, 0.10100016811233503
0.12563789656763039, 0.25840559120973594, 0.1503065606604132, 0.1403674201202078, 0.09286425002030682, 0.13327700138480866, 0.00916331749788572, 0.08997796253901141
0.26318968856601865, 0.08467316181120177, 0.09155459335204587, 0.0712834412807584, 0.06537739878712066, 0.0524167930114178, 0.04133565613056762, 0.0923312348264527, 0.07418935100189959, 0.0751513121416555, 0.08849736909086132
0.14779514263936308, 0.2048855591875163, 0.09810969412551016, 0.029774195634831444, 0.11758546911139353, 0.09689803467346778, 0.00743718035855247, 0.14996401784076677, 0.013655308947234204, 0.1338953974813643
0.24949843307941194, 0.16721550477902533, 0.03128737989617937, 0.0707225023742713, 0.10340536723254207, 0.09072941295748846, 0.09767131294927921, 0.010591595197630919, 0.058272427597724566, 0.03749690043014345, 0.08310916350630314
0.16947734300307343, 0.1705699861104099, 0.042032152914496745, 0.1428502170670357, 0.14957353967496412, 0.12236905373829692, 0.09700352317341689, 0.10612418431830621
0.06758372826903299, 0.15272822548499082, 0.11346181004956059, 0.10333283623739387, 0.09223024003800517, 0.13720949917109163, 0.01033512665392168, 0.09523435934329025, 0.13248663658190232, 0.09539753817081062
0.06298646565348154, 0.16305560302044123, 0.11152243497755085, 0.031014474285747815, 0.12813760109446107, 0.016345669631865616, 0.0930454128351425, 0.1064582161529674, 0.09648256329279145, 0.11864228300412148, 0.07230927605142905
0.19202015170430448, 0.04009791230149307, 0.09409281175045732, 0.09456954691272741, 0.08221444623433166, 0.08039809734162526, 0.11260418336057806, 0.010732880422132047, 0.10505786180707931, 0.08173071198783027, 0.10648139617744114
0.10010973351070421, 0.12641913239549007, 0.1411837728788288, 0.09779704389837207, 0.08985211026984384, 0.1666193213983286, 0.13488020223435077, 0.00881676873405025, 0.13432191468003135
0.15231412463739488, 0.2242730044811161, 0.15240127433065154, 0.11356386919465651, 0.0880624051110555, 0.09689638034722439, 0.1032686159127465, 0.06922032598515473
0.12397063755932053, 0.17039300154174974, 0.09200099297888978, 0.0812232914582276, 0.1047710302783935, 0.12355539042972268, 0.09461938864636656, 0.016133408152668446, 0.10108181117890222, 0.09225104777575893
0.1986565376746419, 0.07435680070680092, 0.18298752053912473, 0.15427046208112222, 0.0600852055111844, 0.19386492415683523, 0.06136460223329583, 0.07441394709699473
0.0453281694055357, 0.1471077616023547, 0.13957944214666443, 0.15325756358583886, 0.08501208406929416, 0.07942944588670584, 0.071544182360528, 0.11119968282040334, 0.008960122304512715, 0.09744544677019634, 0.06113609904796589
0.30027707403404746, 0.1153500220470038, 0.16574836776085378, 0.12231958228368672, 0.06926623711085449, 0.07453141917187396, 0.036722985046850794, 0.11578431254482888
0.27587482555633114, 0.0810384712292828, 0.1362810220321759, 0.19777563737813728, 0.01165512613180912, 0.024942945553388447, 0.18540369111109686, 0.0870282810077784
0.08518242750547246, 0.23176624645353514, 0.11053002465138063, 0.1642073618222999, 0.1488433051061311, 0.16278235881279338, 0.09668827564838745
0.1916722152331891, 0.04111106579041479, 0.09385427354458861, 0.10792239092017959, 0.06853254453507181, 0.05312054619593411, 0.041551115326790004, 0.10528751818079939, 0.08962160329567727, 0.08711841142362221, 0.12020831555373301
0.27274190900340517, 0.14350277522583904, 0.11382741912942075, 0.07002289930298497, 0.022517653997720377, 0.13234387550664883, 0.11953746648371368, 0.007962655848300356, 0.1175433455019668
0.07148303225048602, 0.2490306379535912, 0.20473253103152556, 0.11739068672478847, 0.13715901482335743, 0.12694073495170693, 0.09326336226454433
0.061423503335687635, 0.19569711794799308, 0.16761524553403895, 0.10442362259271719, 0.00992378251168303, 0.06987321944899476, 0.08678970815115732, 0.12648987119761665, 0.07980061780270804, 0.014215977972702592, 0.0837473335047006
0.14089388322061755, 0.16547711152904954, 0.11908243687465635, 0.09805139543520348, 0.1312683258222173, 0.04545617562313152, 0.10006212763057439, 0.09184678570646278, 0.011218387873684956, 0.09664337028440209
0.14162798622587602, 0.15216764360156557, 0.1396024308285043, 0.0703545734336249, 0.11063351216603494, 0.009882233860976196, 0.0834471113525655, 0.03439976807213843, 0.06820768578506728, 0.08368705897378247, 0.10598999569986448
0.1418412349997704, 0.11531104408163406, 0.10114271914592703, 0.15812790455813455, 0.1560182234775237, 0.008284512122686622, 0.15582141692755175, 0.16345294468677174
0.07761634875641633, 0.16314438016865943, 0.14212279380020396, 0.10494537309060067, 0.07914491128196424, 0.1403161010891585, 0.13979072198688483, 0.007518453282397384, 0.1454009165437147
0.16226482342839987, 0.11234452932257404, 0.1149108581297386, 0.09901056583257474, 0.09867865175995379, 0.05810345427051698, 0.011595774883587342, 0.07535293416011446, 0.05953575203695875, 0.10377534760821736, 0.10442730856736411
0.28680626970261136, 0.017321594703208303, 0.12883720810545746, 0.10728515888378638, 0.1269411338850397, 0.08303920002272017, 0.028190023033854764, 0.10635007366830743, 0.01722425212615232, 0.09800508586886206
0.2868549550392067, 0.1557920117726549, 0.10136363735066847, 0.03428202558456517, 0.09649231800020268, 0.08602725309702286, 0.020123698118417643, 0.0700109154571742, 0.07667608265198465, 0.07237710292810273
0.1537794715661762, 0.14454019624177655, 0.02909881800411034, 0.10806791757335345, 0.06695296454677951, 0.0665606449130245, 0.12291503532664005, 0.005263225905433144, 0.11130428945164739, 0.09617957157269798, 0.09533786489836077
0.2700728780470114, 0.08528139791052827, 0.09037139321822499, 0.11960653063377764, 0.010883592939966534, 0.07702752894870818, 0.07969265154336638, 0.04279260941784543, 0.01365982008947414, 0.11410741446379281, 0.09650418278730438
0.2583316571835925, 0.03907465192962057, 0.18749697810313243, 0.17594530432463287, 0.07808171542695908, 0.10001503004514879, 0.032070029650387764, 0.12898463333652596
0.26935856357416293, 0.1344486515313413, 0.08648672116211997, 0.08504314248019408, 0.061928382276350155, 0.019388722608382404, 0.05410077688426199, 0.09484018917892396, 0.11308296753397118, 0.008774926406495409, 0.07254695636379645
0.2227888930231969, 0.15651647915543077, 0.036641719043210286, 0.10117623783683694, 0.0976540886095912, 0.1408462123732519, 0.12257850028428245, 0.12179786967419955
0.26055510170631263, 0.21088055447801232, 0.10366976723425261, 0.13777691121763427, 0.16022710111772276, 0.01481890779238207, 0.02650696628064544, 0.08556469017303799
0.1689020690009254, 0.10160006083916903, 0.11476272913377195, 0.059831778539407535, 0.10104547703049857, 0.10730459620442155, 0.0953419389972714, 0.1491721226392247, 0.10203922761530991
0.24298092091182838, 0.11210093062301571, 0.02079708216024311, 0.10900481001048404, 0.10522339016999246, 0.11837709153786673, 0.028876325735102393, 0.11996911152303624, 0.03353870974326442, 0.10913162758516652
0.2152025513068987, 0.11441751909731256, 0.14544789771809571, 0.0371827637190692, 0.1102966962252435, 0.036727407727817574, 0.03957149564048253, 0.05459537419988946, 0.055245132855188415, 0.05916360010695151, 0.13214956140305067
