0.7007340485601357, 0.5151515151515151
0.6442687747035574, 0.5064935064935064
0.6352941176470589, 0.45
0.9999999999999999, 0.9999999999999999
0.6373626373626374, 0.46153846153846145
0.8676470588235294, 0.7
0.8251748251748254, 0.7272727272727272
0.8090909090909091, 0.6363636363636364
0.7774436090225564, 0.5894736842105264
0.4984520123839009, 0.30718954248366015
0.9642857142857145, 0.9047619047619049
0.8571428571428573, 0.7142857142857143
0.8333333333333335, 0.6428571428571428
0.9999999999999999, 1.0
0.6614035087719298, 0.4619883040935673
0.7, 0.6
0.8481203007518796, 0.6736842105263158
0.7142857142857143, 0.6
0.6911764705882353, 0.5166666666666667
0.6, 0.4666666666666666
0.3636363636363637, 0.1818181818181818
0.7857142857142858, 0.6428571428571428
0.7333333333333334, 0.5555555555555556
0.6155844155844156, 0.4571428571428572
0.7857142857142859, 0.7142857142857143
0.6727272727272726, 0.5555555555555555
0.48571428571428577, 0.3333333333333333
0.9523809523809524, 0.8571428571428571
0.7999999999999999, 0.6
0.6428571428571429, 0.46153846153846145
0.8499999999999999, 0.7222222222222222
0.9999999999999999, 1.0
0.38480392156862747, 0.24999999999999997
0.5, 0.33333333333333337
0.8285714285714287, 0.7333333333333333
0.7333333333333334, 0.611111111111111
0.6571428571428573, 0.4666666666666666
0.48181818181818187, 0.34545454545454546
0.7500000000000001, 0.588235294117647
0.5181818181818182, 0.34545454545454546
0.6785714285714287, 0.5238095238095238
0.7692307692307694, 0.6666666666666666
0.8857142857142858, 0.7333333333333333
0.6, 0.4666666666666666
0.7049261083743841, 0.5024630541871921
0.17094861660079053, 0.11462450592885376
0.5, 0.33333333333333337
0.7565217391304346, 0.572463768115942
0.780241935483871, 0.578494623655914
0.7417582417582418, 0.5384615384615383
0.6272727272727273, 0.4909090909090909
0.85, 0.65
0.4523809523809524, 0.3571428571428571
0.8571428571428573, 0.7142857142857143
0.6483516483516483, 0.4358974358974358
0.637492941840768, 0.43722943722943725
0.8303030303030302, 0.6888888888888888
0.7406593406593407, 0.6043956043956044
TOK ERROR
0.6150093808630395, 0.46153846153846156
0.640725806451613, 0.4494623655913979
0.8709359605911328, 0.6847290640394088
0.7071428571428571, 0.561904761904762
0.4719298245614035, 0.3567251461988304
0.7452173913043478, 0.5434782608695652
0.8637362637362638, 0.6703296703296704
0.7362637362637362, 0.564102564102564
0.6339130434782608, 0.4420289855072464
0.7166666666666667, 0.5
TOK ERROR
0.7865612648221343, 0.6047430830039525
0.8391608391608393, 0.6363636363636362
0.6978021978021978, 0.564102564102564
0.6115830115830116, 0.43174603174603177
0.8169014333893726, 0.6415854163043726
0.5214285714285714, 0.3904761904761905
0.8147058823529412, 0.6166666666666666
0.7112781954887217, 0.5368421052631579
1.0, 1.0
0.8417582417582418, 0.6263736263736264
0.606153846153846, 0.4707692307692308
0.8285714285714287, 0.7333333333333333
0.09090909090909088, 0.06666666666666667
0.4047619047619048, 0.2857142857142857
0.6228070175438596, 0.48538011695906425
0.7389610389610389, 0.5333333333333333
0.0, 0.0
0.6916996047430831, 0.5098814229249012
0.7824561403508771, 0.6023391812865496
0.6678571428571428, 0.5238095238095238
0.6363636363636364, 0.45454545454545453
0.5090909090909091, 0.3090909090909091
0.7699248120300751, 0.5894736842105264
0.7747252747252747, 0.5897435897435896
0.735042735042735, 0.5384615384615385
0.7714285714285712, 0.561904761904762
0.576923076923077, 0.4102564102564102
0.8290513833992096, 0.6521739130434783
0.7054945054945055, 0.5164835164835165
0.5515151515151515, 0.3333333333333333
0.7413533834586465, 0.5157894736842106
0.8902255639097743, 0.7368421052631579
0.8324675324675326, 0.6952380952380953
0.8264705882352942, 0.6666666666666667
0.7818181818181817, 0.6
0.7615384615384616, 0.5599999999999998
0.7538461538461538, 0.5604395604395604
0.551176792556103, 0.38095238095238093
0.8221674876847288, 0.6256157635467979
0.8571428571428571, 0.6923076923076922
0.5833333333333334, 0.5
0.7186813186813187, 0.5384615384615384
0.790909090909091, 0.6363636363636364
1.0, 1.0
0.816068376068376, 0.6061538461538462
0.7967032967032966, 0.5384615384615383
0.4840041279669762, 0.32026143790849676
0.8571428571428573, 0.7142857142857143
1.0, 1.0
0.9999999999999999, 1.0
0.7449572649572649, 0.5815384615384616
0.5873015873015872, 0.41880341880341887
0.5676470588235295, 0.45
0.7005128205128205, 0.4892307692307692
0.5714285714285713, 0.3904761904761905
0.713076923076923, 0.5066666666666665
0.6978021978021978, 0.5128205128205127
nan, nan
0.3571428571428572, 0.23809523809523814
0.5107142857142856, 0.3523809523809524
TOK ERROR
0.3, 0.19999999999999998
0.7007692307692307, 0.5133333333333333
0.7420020639834881, 0.5032679738562092
TOK ERROR
0.5699248120300752, 0.45263157894736844
0.6747252747252748, 0.5164835164835165
0.7999999999999999, 0.6666666666666669
TOK ERROR
0.6350649350649351, 0.43809523809523815
TOK ERROR
0.8035087719298245, 0.6257309941520467
0.3356643356643357, 0.1818181818181818
0.8339130434782607, 0.6811594202898551
0.6307692307692307, 0.45054945054945056
0.8864809081527348, 0.7516339869281047
1.0, 1.0
0.8120300751879698, 0.6526315789473685
0.8241758241758241, 0.6703296703296704
0.8951048951048951, 0.7575757575757575
0.8421052631578947, 0.6608187134502924
0.7857142857142859, 0.5238095238095238
0.7991452991452991, 0.5840455840455842
0.690909090909091, 0.4909090909090909
0.717234262125903, 0.5032679738562092
0.6428571428571429, 0.4999999999999999
0.8029411764705883, 0.6166666666666666
0.5647058823529412, 0.39999999999999997
0.9019607843137255, 0.7205882352941176
0.6000000000000001, 0.3333333333333334
0.7476923076923077, 0.5507692307692308
0.43446852425180604, 0.2679738562091504
0.6, 0.4666666666666666
0.7142857142857143, 0.5384615384615384
0.7441176470588236, 0.5333333333333333
0.016666666666666666, 0.0
0.6823529411764706, 0.5
0.7708978328173374, 0.5555555555555556
0.6617647058823529, 0.48333333333333334
0.6642857142857141, 0.4666666666666667
0.7252747252747254, 0.564102564102564
0.6946153846153846, 0.5266666666666665
0.4047619047619048, 0.2857142857142857
0.4860869565217391, 0.33333333333333337
0.6653225806451614, 0.4623655913978495
0.7, 0.6
TOK ERROR
0.34545454545454546, 0.24444444444444444
0.6571428571428573, 0.4666666666666666
0.7500000000000001, 0.5599999999999998
0.6783216783216784, 0.5454545454545454
0.8041958041958043, 0.6363636363636362
0.19999999999999998, 0.0
0.7454545454545454, 0.5555555555555555
0.5666666666666667, 0.5
0.7378740970072238, 0.5555555555555556
0.8173913043478259, 0.6159420289855072
0.7341897233201582, 0.525691699604743
0.7999999999999999, 0.6
0.4534313725490197, 0.3235294117647059
0.795595708639187, 0.567099567099567
0.7307692307692307, 0.5128205128205127
0.6642228739002932, 0.4758064516129033
0.6891711229946524, 0.5
0.8166666666666667, 0.611111111111111
TOK ERROR
0.5, 0.33333333333333337
0.19999999999999998, 0.0
0.5945299145299144, 0.42153846153846153
0.6178571428571428, 0.4666666666666667
0.807142857142857, 0.6000000000000001
0.745054945054945, 0.5604395604395604
0.8870129870129868, 0.6952380952380953
0.5826086956521739, 0.42028985507246375
0.8043478260869565, 0.6304347826086957
0.7333333333333334, 0.611111111111111
0.6333333333333333, 0.4444444444444444
0.8495652173913043, 0.6739130434782609
0.9285714285714288, 0.8095238095238096
0.4977443609022556, 0.35789473684210527
0.7704517704517704, 0.5726495726495727
0.7549407114624507, 0.525691699604743
0.3516483516483516, 0.282051282051282
0.6, 0.5
1.0, 1.0
0.7963585434173669, 0.6
0.6083916083916086, 0.4242424242424242
0.6186411149825785, 0.44878048780487806
0.8812030075187969, 0.6947368421052632
0.7747252747252747, 0.5897435897435896
0.3714285714285715, 0.06666666666666665
0.8220779220779221, 0.6285714285714286
0.9999999999999999, 1.0
0.7999999999999999, 0.6666666666666669
0.8956043956043955, 0.7435897435897434
0.8015384615384615, 0.6199999999999999
0.7026086956521739, 0.5289855072463768
0.6000000000000001, 0.41818181818181815
0.8543589743589743, 0.6861538461538462
TOK ERROR
0.8493292053663571, 0.607843137254902
1.0, 1.0
0.6205882352941177, 0.43333333333333335
0.8333333333333335, 0.6428571428571428
0.6833333333333333, 0.5
0.5203559510567297, 0.37931034482758624
0.5, 0.33333333333333337
0.14285714285714288, 0.06666666666666665
0.8357142857142855, 0.6380952380952382
0.38493292053663575, 0.22875816993464054
0.6272727272727273, 0.41818181818181815
0.7821565407772304, 0.582010582010582
0.7575757575757575, 0.6
-0.9999999999999999, -1.0
0.7818181818181819, 0.6000000000000001
0.5604395604395604, 0.42857142857142855
0.5516483516483517, 0.38461538461538464
0.417741935483871, 0.2817204301075269
0.7382608695652173, 0.5579710144927535
0.5456582633053222, 0.4218487394957983
0.39999999999999997, 0.39999999999999997
0.7662763978553453, 0.55049786628734
1.0, 1.0
0.7, 0.6
0.7924901185770751, 0.5968379446640317
0.709090909090909, 0.4666666666666666
0.7999999999999999, 0.6666666666666669
0.09999999999999999, 0.0
0.8246753246753247, 0.6380952380952382
1.0, 1.0
0.7729618163054695, 0.607843137254902
0.7549407114624508, 0.567099567099567
TOK ERROR
0.8095238095238096, 0.6428571428571428
0.880952380952381, 0.7142857142857142
0.9, 0.8333333333333334
0.72, 0.5199999999999999
0.4943240454076367, 0.3856209150326798
0.8039215686274511, 0.6029411764705882
0.5, 0.33333333333333337
0.6214285714285712, 0.4285714285714286
0.8842105263157894, 0.6947368421052632
0.5178571428571428, 0.3523809523809524
0.9192982456140351, 0.7777777777777777
0.457142857142857, 0.37142857142857144
0.6723076923076923, 0.5133333333333333
0.5, 0.33333333333333337
0.5, 0.33333333333333337
0.4794117647058824, 0.33333333333333337
0.7500000000000002, 0.6190476190476191
-0.06127450980392158, -0.014705882352941175
0.8956043956043955, 0.7435897435897434
0.7392857142857142, 0.5047619047619049
0.6833333333333333, 0.5555555555555556
1.0, 1.0
0.9999999999999999, 1.0
0.6395604395604396, 0.42857142857142855
0.5, 0.33333333333333337
0.6375939849624059, 0.49473684210526314
-0.1785714285714286, -0.14285714285714288
0.48571428571428577, 0.3333333333333333
0.348111658456486, 0.2380952380952381
0.7796442687747036, 0.5652173913043478
0.9999999999999999, 0.9999999999999999
TOK ERROR
0.8131868131868131, 0.6666666666666665
0.6615384615384616, 0.4945054945054945
1.0, 1.0
0.36615384615384616, 0.2246153846153846
0.39999999999999997, 0.3333333333333334
0.7506493506493507, 0.5523809523809524
0.7997936016511867, 0.5816993464052289
0.8642857142857141, 0.6952380952380953
0.6263736263736264, 0.42857142857142855
0.5, 0.33333333333333337
0.8251748251748254, 0.606060606060606
0.9999999999999999, 1.0
0.7377450980392158, 0.5735294117647058
TOK ERROR
0.8545454545454546, 0.6727272727272727
1.0, 1.0
0.42490842490842484, 0.2706552706552707
0.5461538461538461, 0.37999999999999995
0.8109890109890111, 0.6483516483516484
0.6470588235294118, 0.5
0.6428571428571428, 0.4666666666666667
0.6852941176470588, 0.5
0.6848484848484848, 0.6
0.9999999999999999, 0.9999999999999999
0.8021978021978022, 0.6043956043956044
0.5272727272727273, 0.34545454545454546
0.8333333333333335, 0.7142857142857142
0.8661654135338346, 0.6842105263157895
0.7417391304347827, 0.536231884057971
0.9999999999999999, 1.0
0.6083916083916086, 0.39393939393939387
0.8321678321678322, 0.6969696969696969
0.23956043956043957, 0.23076923076923078
0.6725014116318464, 0.5064935064935064
0.4835164835164835, 0.33333333333333326
0.6466165413533834, 0.45263157894736844
0.6146245059288538, 0.47035573122529645
0.4901960784313726, 0.35947712418300654
0.7022408963585435, 0.5126050420168068
0.7380952380952381, 0.4999999999999999
0.9999999999999999, 0.9999999999999999
TOK ERROR
0.7254398826979471, 0.5322580645161291
0.5768833849329206, 0.39869281045751637
0.9999999999999999, 1.0
0.5069230769230769, 0.3533333333333333
0.8823529411764706, 0.7124183006535948
0.5272727272727272, 0.4666666666666666
0.8571428571428572, 0.7142857142857142
0.5964285714285712, 0.4666666666666667
0.5608695652173912, 0.40579710144927533
0.8214285714285715, 0.7142857142857143
0.7785714285714285, 0.6190476190476191
0.749084249084249, 0.5384615384615385
0.790513833992095, 0.5889328063241107
0.7456140350877192, 0.5465465465465466
0.8646153846153846, 0.6999999999999998
TOK ERROR
0.5393939393939393, 0.37777777777777777
0.3201581027667985, 0.2121212121212121
0.7454545454545456, 0.5636363636363636
TOK ERROR
0.8636363636363636, 0.6363636363636364
TOK ERROR
TOK ERROR
0.7181818181818183, 0.5636363636363636
TOK ERROR
0.7, 0.48538011695906425
0.7000000000000001, 0.45454545454545453
0.892292490118577, 0.6996047430830039
0.7515384615384615, 0.5333333333333332
0.6029411764705882, 0.43333333333333335
0.6484848484848483, 0.4666666666666666
0.689882697947214, 0.5000000000000001
TOK ERROR
0.678921568627451, 0.5294117647058822
TOK ERROR
0.8531468531468532, 0.6666666666666666
0.5499999999999999, 0.4444444444444444
0.8745967741935484, 0.6946236559139786
0.887719298245614, 0.7192982456140351
0.7838827838827838, 0.6182336182336183
0.8813186813186813, 0.7142857142857144
0.7380952380952381, 0.6428571428571428
0.5, 0.38181818181818183
TOK ERROR
0.7060483870967743, 0.5010752688172044
TOK ERROR
0.8553921568627452, 0.6617647058823529
0.8630769230769231, 0.7066666666666666
0.8382352941176471, 0.65
0.8333333333333335, 0.7142857142857142
0.2845849802371542, 0.2173913043478261
TOK ERROR
0.9142857142857143, 0.768421052631579
TOK ERROR
0.6924664602683178, 0.5163398692810458
0.7524786324786324, 0.5876923076923077
0.8333333333333335, 0.6428571428571428
0.8166666666666667, 0.611111111111111
0.7098901098901099, 0.5164835164835165
TOK ERROR
0.8660098522167486, 0.6798029556650246
0.8571428571428571, 0.7179487179487178
0.8857142857142857, 0.7362637362637363
0.7864661654135338, 0.6105263157894737
0.551176792556103, 0.3968253968253968
0.6071428571428572, 0.33333333333333337
TOK ERROR
0.6771929824561403, 0.48538011695906425
0.5567567567567568, 0.37142857142857144
TOK ERROR
TOK ERROR
0.8531468531468532, 0.6666666666666666
TOK ERROR
0.7142857142857144, 0.5714285714285714
0.7586831772878285, 0.548172757475083
0.8111888111888113, 0.6969696969696969
0.6, 0.4666666666666666
TOK ERROR
0.9545454545454546, 0.8545454545454545
0.7, 0.6
0.6879120879120879, 0.4945054945054945
TOK ERROR
TOK ERROR
0.6127450980392157, 0.45588235294117646
0.6360902255639098, 0.45263157894736844
0.5441176470588236, 0.4411764705882352
0.7181818181818183, 0.5636363636363636
0.7823529411764706, 0.5666666666666667
-0.028571428571428574, 0.06666666666666665
TOK ERROR
0.6013431013431013, 0.4472934472934474
0.75, 0.5555555555555556
0.6, 0.5
0.5562435500515995, 0.3725490196078432
0.911764705882353, 0.7666666666666667
0.7714285714285715, 0.6
0.6363636363636362, 0.4666666666666666
0.6800825593395253, 0.47712418300653603
TOK ERROR
TOK ERROR
0.27272727272727276, 0.1515151515151515
0.7749999999999999, 0.5238095238095238
0.65, 0.5
TOK ERROR
0.5857142857142856, 0.3523809523809524
0.4681318681318682, 0.2087912087912088
0.819376026272578, 0.6613756613756614
0.7089783281733747, 0.5032679738562092
TOK ERROR
0.7714285714285714, 0.6263736263736264
TOK ERROR
0.6758241758241759, 0.4871794871794871
0.745054945054945, 0.5384615384615384
TOK ERROR
0.8928571428571429, 0.7142857142857143
0.8454545454545455, 0.6727272727272727
0.8142857142857142, 0.6380952380952382
0.7110423116615068, 0.5032679738562092
0.9523809523809524, 0.8571428571428571
0.7597402597402596, 0.5428571428571428
0.8264705882352942, 0.6666666666666667
TOK ERROR
TOK ERROR
TOK ERROR
TOK ERROR
0.6853146853146854, 0.4242424242424242
0.8333333333333335, 0.7142857142857142
0.7714285714285715, 0.6
0.5178571428571428, 0.29523809523809524
TOK ERROR
0.7666666666666667, 0.5555555555555556
TOK ERROR
0.5465686274509804, 0.39705882352941174
0.914285714285714, 0.7904761904761906
0.5794871794871794, 0.39692307692307693
TOK ERROR
TOK ERROR
TOK ERROR
0.6759715380405036, 0.5026455026455026
0.386401833460657, 0.28342245989304815
0.8304783092324804, 0.6413793103448276
0.5, 0.3201581027667984
0.6922077922077923, 0.5142857142857143
0.5058823529411764, 0.35
0.6916996047430831, 0.5098814229249012
0.35375494071146246, 0.23320158102766797
TOK ERROR
TOK ERROR
TOK ERROR
0.8766233766233766, 0.7142857142857143
TOK ERROR
TOK ERROR
TOK ERROR
0.843859649122807, 0.6842105263157894
TOK ERROR
TOK ERROR
TOK ERROR
0.5410557184750733, 0.403225806451613
0.8246963562753037, 0.6059379217273955
0.8024471635150167, 0.6045977011494253
0.7842105263157895, 0.6140350877192983
0.80562851782364, 0.5974358974358975
0.6923076923076923, 0.45054945054945056
0.8352941176470589, 0.65
TOK ERROR
0.7077186963979416, 0.5164220824598182
0.5979487179487181, 0.39692307692307693
0.7765217391304347, 0.5652173913043478
0.8430265386787127, 0.645021645021645
0.7205882352941175, 0.5499999999999999
0.7181818181818183, 0.4909090909090909
0.7564516129032258, 0.5612903225806452
TOK ERROR
0.7647058823529413, 0.6029411764705882
TOK ERROR
0.717234262125903, 0.47712418300653603
0.7857142857142859, 0.6190476190476191
0.3893557422969188, 0.253781512605042
0.8241758241758241, 0.6153846153846153
TOK ERROR
0.6239002932551319, 0.4717741935483871
TOK ERROR
0.709090909090909, 0.5111111111111111
TOK ERROR
TOK ERROR
TOK ERROR
0.942857142857143, 0.8666666666666666
0.5316205533596838, 0.35968379446640314
0.6848484848484848, 0.4222222222222222
0.7, 0.6
0.8131868131868131, 0.6666666666666665
TOK ERROR
0.8000000000000002, 0.6363636363636364
TOK ERROR
0.6615384615384616, 0.5164835164835165
0.6704980842911876, 0.43915343915343913
0.7285714285714285, 0.5047619047619049
0.8666666666666665, 0.7777777777777777
0.7909774436090224, 0.631578947368421
TOK ERROR
0.7417582417582418, 0.5384615384615383
TOK ERROR
0.5454545454545455, 0.3333333333333333
0.4285714285714286, 0.3333333333333333
TOK ERROR
TOK ERROR
0.7353383458646616, 0.5052631578947369
TOK ERROR
TOK ERROR
TOK ERROR
0.7500000000000001, 0.5588235294117646
0.8296703296703297, 0.6666666666666665
0.6736307171089779, 0.47186147186147187
0.8553921568627452, 0.6617647058823529
TOK ERROR
TOK ERROR
0.7035714285714285, 0.5047619047619049
0.6691176470588236, 0.4264705882352941
TOK ERROR
0.8666666666666667, 0.7777777777777778
0.7323529411764707, 0.5166666666666667
0.7794117647058825, 0.5833333333333334
TOK ERROR
TOK ERROR
0.8575851393188855, 0.6601307189542485
TOK ERROR
0.7874097007223942, 0.607843137254902
TOK ERROR
0.7558823529411764, 0.5833333333333334
0.6578204404291361, 0.4978354978354978
0.7527472527472527, 0.5555555555555557
0.7515262515262515, 0.5897435897435899
TOK ERROR
TOK ERROR
0.6835164835164835, 0.5164835164835165
0.4644428152492667, 0.3064516129032258
0.65, 0.3888888888888889
TOK ERROR
0.7624060150375939, 0.6000000000000001
TOK ERROR
0.8283140283140284, 0.6761904761904763
0.7157894736842104, 0.5263157894736842
0.6830221450282241, 0.49468085106382986
0.4909090909090909, 0.38181818181818183
0.942857142857143, 0.8666666666666666
TOK ERROR
0.6452173913043477, 0.4492753623188406
0.785431959345003, 0.567099567099567
TOK ERROR
0.8406593406593407, 0.6153846153846153
0.6323076923076923, 0.4133333333333333
TOK ERROR
TOK ERROR
0.8285714285714287, 0.7333333333333333
0.8857142857142858, 0.7333333333333333
TOK ERROR
TOK ERROR
0.7746153846153846, 0.5399999999999999
0.7846153846153847, 0.5824175824175825
TOK ERROR
0.7575757575757575, 0.6
TOK ERROR
0.5714285714285715, 0.3571428571428571
0.6785714285714285, 0.4666666666666667
0.6606060606060605, 0.4666666666666666
0.7087912087912087, 0.46153846153846145
0.6749999999999999, 0.4476190476190477
TOK ERROR
TOK ERROR
0.6519607843137255, 0.49999999999999994
0.5308270676691729, 0.3368421052631579
0.8033392712427161, 0.5960270128742373
TOK ERROR
0.8626373626373626, 0.6410256410256409
0.8251748251748254, 0.7272727272727272
0.6871657754010695, 0.5265151515151516
0.8472652218782251, 0.6470588235294119
TOK ERROR
0.7412587412587414, 0.5454545454545454
TOK ERROR
0.7683479311386288, 0.5592469545957918
0.6607692307692308, 0.5333333333333332
TOK ERROR
0.6984615384615384, 0.5076923076923078
0.6860530773574253, 0.5324675324675324
TOK ERROR
0.7147942157953281, 0.5218390804597701
TOK ERROR
TOK ERROR
0.7762237762237763, 0.5454545454545454
0.5784313725490197, 0.39705882352941174
0.7363636363636363, 0.6000000000000001
0.8857142857142858, 0.7333333333333333
TOK ERROR
TOK ERROR
TOK ERROR
0.7967032967032966, 0.6666666666666665
0.49233870967741944, 0.3505376344086022
0.561025641025641, 0.4276923076923077
TOK ERROR
0.8166666666666667, 0.6666666666666666
TOK ERROR
0.643076923076923, 0.4733333333333333
0.7279411764705883, 0.588235294117647
TOK ERROR
0.6813725490196079, 0.5294117647058822
0.6043956043956045, 0.4301994301994303
0.745054945054945, 0.5604395604395604
0.6727272727272726, 0.5111111111111111
TOK ERROR
TOK ERROR
0.7785714285714285, 0.6571428571428571
0.7582417582417583, 0.6043956043956044
0.7714285714285715, 0.6
0.5833333333333334, 0.3888888888888889
TOK ERROR
0.785431959345003, 0.6103896103896104
0.41666666666666663, 0.3888888888888889
0.5439560439560439, 0.3846153846153845
0.9833333333333333, 0.9444444444444445
0.7990196078431374, 0.6176470588235293
0.8461538461538463, 0.6666666666666666
0.8333333333333335, 0.676470588235294
0.5833333333333334, 0.5
-0.9999999999999999, -1.0
0.8441558441558443, 0.6709956709956709
0.25, 0.2222222222222222
TOK ERROR
1.0, 1.0
0.19047619047619052, 0.07142857142857142
0.8881118881118882, 0.7272727272727272
0.5714285714285715, 0.4285714285714286
0.8152173913043478, 0.6284584980237155
0.9999999999999999, 1.0
0.8406015037593983, 0.6421052631578947
0.7207792207792209, 0.5047619047619049
TOK ERROR
0.7142857142857144, 0.5714285714285714
0.728695652173913, 0.536231884057971
0.7857142857142859, 0.7142857142857143
0.8802889576883385, 0.6862745098039217
0.7978543195934501, 0.5757575757575758
TOK ERROR
0.6363636363636365, 0.48917748917748916
TOK ERROR
0.8406593406593407, 0.6923076923076922
0.726153846153846, 0.5133333333333333
0.7770897832817338, 0.5686274509803922
0.43627450980392163, 0.338235294117647
TOK ERROR
0.4825174825174825, 0.3333333333333333
0.8999999999999998, 0.7999999999999999
0.5314685314685316, 0.39393939393939387
0.9090909090909092, 0.7575757575757575
TOK ERROR
1.0, 1.0
0.625563909774436, 0.43157894736842106
0.8571428571428571, 0.6666666666666665
0.7500000000000001, 0.5735294117647058
TOK ERROR
0.5357142857142858, 0.4285714285714286
0.8142857142857142, 0.6000000000000001
-0.8999999999999998, -0.7999999999999999
0.4272727272727273, 0.3090909090909091
0.7412587412587414, 0.5757575757575757
1.0, 1.0
0.5794117647058823, 0.41666666666666663
0.8451012588943623, 0.6613756613756614
-0.42857142857142866, -0.33333333333333337
0.32507739938080493, 0.21568627450980396
0.6573426573426573, 0.39393939393939387
0.78796992481203, 0.6210526315789474
0.5636363636363637, 0.38181818181818183
0.8787878787878788, 0.7333333333333333
0.8922077922077922, 0.7523809523809525
0.7762237762237763, 0.5757575757575757
0.665934065934066, 0.4945054945054945
0.7818181818181817, 0.6444444444444444
TOK ERROR
0.7842105263157895, 0.5789473684210525
0.8357843137254902, 0.6617647058823529
0.39999999999999997, 0.3333333333333333
0.6535714285714285, 0.5047619047619049
0.23076923076923075, 0.16483516483516486
0.6709401709401709, 0.45299145299145305
0.7678571428571428, 0.561904761904762
TOK ERROR
0.5393939393939393, 0.4222222222222222
TOK ERROR
0.6833333333333333, 0.5
0.7912087912087913, 0.6153846153846153
0.782608695652174, 0.6126482213438735
0.8333333333333333, 0.6666666666666666
0.6799999999999999, 0.4733333333333333
0.5868131868131868, 0.45054945054945056
0.6713286713286714, 0.5454545454545454
TOK ERROR
0.5523715415019763, 0.35177865612648224
0.819548872180451, 0.6210526315789474
0.7142857142857144, 0.4632034632034632
0.49999999999999994, 0.39999999999999997
0.7295566502463052, 0.5369458128078817
0.7202797202797203, 0.606060606060606
TOK ERROR
0.42857142857142866, 0.33333333333333337
0.7406593406593407, 0.5604395604395604
0.510989010989011, 0.30769230769230765
0.7470355731225299, 0.567099567099567
0.6454545454545455, 0.45454545454545453
0.6648351648351648, 0.49287749287749294
0.7846153846153847, 0.6043956043956044
0.6818181818181818, 0.4571428571428572
0.8080495356037152, 0.6209150326797386
0.8285714285714287, 0.7333333333333333
0.5909090909090909, 0.3090909090909091
TOK ERROR
TOK ERROR
0.7399193548387097, 0.5311827956989248
0.6849833147942158, 0.5080459770114942
0.8046718576195773, 0.5954022988505747
0.9393939393939393, 0.8222222222222221
0.7594579333709771, 0.5844155844155845
0.5233870967741936, 0.3806451612903226
0.6881773399014777, 0.48768472906403937
0.7512315270935959, 0.5763546798029556
0.6, 0.4666666666666666
0.48571428571428577, 0.3333333333333333
TOK ERROR
0.6923076923076924, 0.5454545454545454
0.7311688311688312, 0.580952380952381
TOK ERROR
0.725974025974026, 0.5142857142857143
0.6388028895768835, 0.46405228758169936
0.8109890109890111, 0.5824175824175825
0.6593406593406593, 0.46153846153846145
TOK ERROR
0.5545454545454546, 0.34545454545454546
0.7939393939393938, 0.6888888888888888
0.7765217391304347, 0.572463768115942
TOK ERROR
0.7285714285714285, 0.5238095238095238
0.6617391304347826, 0.5
TOK ERROR
0.7142857142857143, 0.5164835164835165
TOK ERROR
0.7069143446852425, 0.542483660130719
0.6848484848484848, 0.5111111111111111
0.8431372549019609, 0.676470588235294
0.6915384615384614, 0.5133333333333333
0.8382352941176472, 0.676470588235294
0.3318681318681319, 0.2087912087912088
TOK ERROR
0.7392857142857142, 0.5238095238095238
0.752450980392157, 0.5735294117647058
0.5622529644268774, 0.42292490118577075
TOK ERROR
TOK ERROR
TOK ERROR
0.8516483516483516, 0.7179487179487178
TOK ERROR
-0.5, -0.33333333333333337
0.5363636363636364, 0.41818181818181815
0.6484848484848483, 0.4222222222222222
0.8524193548387098, 0.6774193548387097
TOK ERROR
0.679144385026738, 0.48863636363636365
TOK ERROR
0.8438735177865613, 0.6363636363636365
TOK ERROR
0.8285714285714287, 0.7333333333333333
0.782142857142857, 0.6000000000000001
TOK ERROR
TOK ERROR
0.5153846153846153, 0.34666666666666657
0.6627363737486095, 0.4574712643678161
TOK ERROR
0.44274193548387103, 0.2602150537634409
0.749084249084249, 0.54985754985755
0.7494505494505495, 0.5824175824175825
TOK ERROR
0.7804511278195487, 0.5789473684210527
0.7741389045736872, 0.6017316017316018
0.7138461538461538, 0.5533333333333332
TOK ERROR
0.5665634674922602, 0.4379084967320262
0.6388028895768835, 0.4379084967320262
0.7088235294117646, 0.5333333333333333
0.7894736842105263, 0.631578947368421
TOK ERROR
0.6531620553359684, 0.5019762845849802
0.6853146853146854, 0.4545454545454545
0.7472527472527473, 0.5441595441595443
0.7637362637362637, 0.564102564102564
0.7296181630546955, 0.5947712418300655
0.6853146853146854, 0.4545454545454545
0.18333333333333335, 0.1111111111111111
0.7745924061713535, 0.5647226173541964
0.5490196078431373, 0.3823529411764705
TOK ERROR
0.8146405514826567, 0.6415362731152205
0.9999999999999999, 1.0
0.6703296703296703, 0.5128205128205127
0.6796992481203006, 0.5052631578947369
0.752450980392157, 0.6323529411764706
0.7745967741935484, 0.6000000000000001
0.6960784313725491, 0.49999999999999994
0.7832167832167832, 0.6363636363636362
0.45604395604395603, 0.282051282051282
0.8588235294117647, 0.65
0.7509881422924901, 0.5652173913043478
0.48333333333333334, 0.3333333333333333
0.8083028083028083, 0.623931623931624
0.6786324786324787, 0.5076923076923078
0.7970588235294117, 0.6
0.5071428571428571, 0.37142857142857144
0.5790513833992095, 0.41501976284584985
0.8373626373626375, 0.6703296703296704
0.5357142857142858, 0.4285714285714286
0.5804195804195805, 0.4242424242424242
0.5833333333333334, 0.3888888888888889
0.39999999999999997, 0.39999999999999997
0.7636363636363637, 0.5272727272727272
0.4070175438596491, 0.23976608187134502
0.6945812807881774, 0.5238095238095238
TOK ERROR
0.8635467980295565, 0.6748768472906402
TOK ERROR
0.39999999999999997, 0.3333333333333334
0.8857142857142855, 0.7333333333333334
0.7226086956521738, 0.5434782608695652
0.6848484848484848, 0.5111111111111111
0.39999999999999997, 0.3333333333333334
0.7928571428571427, 0.6761904761904762
0.6813186813186813, 0.5128205128205127
TOK ERROR
0.5989010989010989, 0.4871794871794871
0.605241935483871, 0.44516129032258067
0.81013431013431, 0.623931623931624
TOK ERROR
0.6192982456140351, 0.43859649122807015
0.7088235294117646, 0.5333333333333333
0.5934065934065934, 0.4102564102564102
TOK ERROR
0.7212121212121211, 0.5555555555555555
0.42255639097744363, 0.2631578947368421
0.8547430830039526, 0.6679841897233202
0.5588235294117647, 0.41666666666666663
0.4794117647058824, 0.33333333333333337
0.625563909774436, 0.4631578947368421
0.6, 0.39999999999999997
TOK ERROR
0.5419354838709677, 0.3935483870967742
0.6181818181818182, 0.45454545454545453
0.8891625615763544, 0.7241379310344827
TOK ERROR
0.6615067079463364, 0.542483660130719
0.6, 0.39999999999999997
0.6838235294117648, 0.5441176470588235
0.4245614035087719, 0.3099415204678362
0.7714285714285715, 0.6
-0.39999999999999997, -0.39999999999999997
0.612280701754386, 0.40350877192982454
0.7696969696969697, 0.6
0.7333333333333334, 0.5321637426900584
0.9047619047619048, 0.7857142857142856
0.6758241758241759, 0.4871794871794871
0.6813725490196079, 0.49999999999999994
1.0, 1.0
0.19999999999999998, 0.15555555555555553
0.7181818181818183, 0.5272727272727272
0.788235294117647, 0.6333333333333333
0.7134387351778656, 0.5353535353535352
0.8241758241758241, 0.6923076923076922
0.7142857142857144, 0.5238095238095238
TOK ERROR
0.7617647058823529, 0.5666666666666667
0.8073891625615762, 0.6305418719211822
0.6004901960784315, 0.4264705882352941
TOK ERROR
TOK ERROR
0.6004901960784315, 0.39705882352941174
0.43636363636363645, 0.3090909090909091
0.44117647058823534, 0.3
0.5035714285714286, 0.37142857142857144
0.7549019607843138, 0.588235294117647
0.7142857142857144, 0.5714285714285714
1.0, 1.0
