0.6600790513833994, 0.43722943722943725
0.4929418407679278, 0.3593073593073593
0.6882352941176471, 0.4666666666666666
0.8999999999999998, 0.7999999999999999
0.521978021978022, 0.3589743589743589
0.7823529411764706, 0.6333333333333333
0.8111888111888113, 0.6969696969696969
0.8090909090909091, 0.6363636363636364
0.5052631578947367, 0.38947368421052636
0.5149638802889577, 0.32026143790849676
0.8928571428571429, 0.8095238095238096
0.9285714285714288, 0.8095238095238096
0.7619047619047621, 0.5714285714285714
-0.9999999999999999, -1.0
0.7052631578947368, 0.5321637426900584
0.7, 0.6
0.6676691729323309, 0.4631578947368421
0.6571428571428573, 0.6
0.7147058823529412, 0.5666666666666667
0.14285714285714288, 0.06666666666666665
0.3706293706293707, 0.1818181818181818
0.5714285714285715, 0.4999999999999999
0.6833333333333333, 0.5
0.6649350649350649, 0.4761904761904762
0.3214285714285715, 0.33333333333333337
0.7939393939393938, 0.6444444444444444
0.08571428571428573, 0.06666666666666665
0.880952380952381, 0.7142857142857142
0.7999999999999999, 0.6
0.7252747252747254, 0.5128205128205127
0.7833333333333333, 0.611111111111111
0.9999999999999999, 1.0
0.5049019607843138, 0.3676470588235294
0.5, 0.33333333333333337
0.8285714285714287, 0.7333333333333333
0.7, 0.611111111111111
0.4285714285714286, 0.3333333333333333
0.33636363636363636, 0.23636363636363636
0.8112745098039217, 0.7058823529411764
0.5090909090909091, 0.38181818181818183
0.7142857142857144, 0.5238095238095238
0.7272727272727274, 0.5757575757575757
0.8857142857142858, 0.7333333333333333
0.6, 0.4666666666666666
0.560591133004926, 0.3940886699507389
0.15612648221343872, 0.11462450592885376
0.5, 0.33333333333333337
0.6695652173913044, 0.41304347826086957
0.7689516129032259, 0.5956989247311828
0.7032967032967032, 0.4871794871794871
0.5818181818181819, 0.41818181818181815
0.7735294117647058, 0.5499999999999999
-0.023809523809523815, -0.07142857142857142
0.7857142857142859, 0.6190476190476191
0.6098901098901099, 0.3846153846153845
0.6544325239977415, 0.45454545454545453
0.7454545454545454, 0.6
0.6131868131868132, 0.42857142857142855
TOK ERROR
0.6033771106941839, 0.43589743589743596
0.7068548387096775, 0.513978494623656
0.8596059113300492, 0.6650246305418718
0.657142857142857, 0.5047619047619049
0.6596491228070176, 0.47368421052631576
0.7417391304347827, 0.536231884057971
0.6923076923076923, 0.5164835164835165
0.6758241758241759, 0.4871794871794871
0.7869565217391304, 0.6376811594202899
0.6, 0.4444444444444444
TOK ERROR
0.7717391304347826, 0.5968379446640317
0.8671328671328673, 0.7272727272727272
0.7582417582417583, 0.6410256410256409
0.7279279279279279, 0.5301587301587302
0.7600692102558106, 0.546535725000021
0.7392857142857142, 0.580952380952381
0.8147058823529412, 0.6166666666666666
0.6030075187969924, 0.4631578947368421
1.0, 1.0
0.6087912087912088, 0.45054945054945056
0.6567521367521366, 0.5076923076923078
0.8285714285714287, 0.7333333333333333
0.18787878787878787, 0.15555555555555553
0.4285714285714286, 0.2857142857142857
0.7, 0.52046783625731
0.7467532467532467, 0.5142857142857143
-0.19999999999999998, 0.0
0.6758893280632412, 0.5019762845849802
0.6754385964912282, 0.48538011695906425
0.782142857142857, 0.6190476190476191
0.9, 0.7454545454545454
0.5, 0.34545454545454546
0.6887218045112782, 0.5368421052631579
0.7637362637362637, 0.5897435897435896
0.6776556776556776, 0.4643874643874645
0.6678571428571428, 0.4666666666666667
0.6923076923076923, 0.5128205128205127
0.7490118577075098, 0.541501976284585
0.7098901098901099, 0.4725274725274726
0.7939393939393938, 0.6
0.7684210526315788, 0.5789473684210527
0.863157894736842, 0.7473684210526316
0.7558441558441559, 0.6
0.7382352941176471, 0.5666666666666667
0.4787878787878787, 0.15555555555555553
0.7984615384615384, 0.6199999999999999
0.5736263736263736, 0.38461538461538464
0.4559386973180077, 0.30158730158730157
0.8802955665024629, 0.6896551724137929
0.8791208791208791, 0.7435897435897434
0.5, 0.3888888888888889
0.6879120879120879, 0.5164835164835165
0.5909090909090909, 0.5272727272727272
1.0, 1.0
0.7736752136752136, 0.563076923076923
0.7692307692307693, 0.4871794871794871
0.48606811145510836, 0.34640522875817
0.6785714285714287, 0.5238095238095238
1.0, 1.0
-0.9999999999999999, -1.0
0.46119658119658113, 0.31076923076923074
0.6404151404151404, 0.4643874643874645
0.5941176470588235, 0.45
0.5740170940170939, 0.3353846153846154
0.41785714285714276, 0.23809523809523814
0.7792307692307692, 0.5733333333333333
0.576923076923077, 0.4871794871794871
nan, nan
0.6785714285714287, 0.5238095238095238
0.5392857142857141, 0.3904761904761905
TOK ERROR
0.3, 0.19999999999999998
0.8007692307692308, 0.5999999999999999
0.6078431372549019, 0.4248366013071896
TOK ERROR
0.631578947368421, 0.5157894736842106
0.4461538461538462, 0.27472527472527475
0.7999999999999999, 0.6666666666666669
TOK ERROR
0.5571428571428572, 0.4
TOK ERROR
0.8070175438596491, 0.6257309941520467
0.32867132867132864, 0.2121212121212121
0.806086956521739, 0.6159420289855072
0.6703296703296703, 0.5164835164835165
0.8431372549019607, 0.673202614379085
0.5, 0.33333333333333337
0.7518796992481201, 0.5789473684210527
0.7758241758241758, 0.6263736263736264
0.8041958041958043, 0.6363636363636362
0.8157894736842105, 0.6491228070175439
0.642857142857143, 0.4285714285714286
0.7753357753357752, 0.5612535612535613
0.6272727272727273, 0.41818181818181815
0.6656346749226005, 0.5294117647058824
0.6904761904761906, 0.5714285714285714
0.8647058823529412, 0.7333333333333334
0.6617647058823529, 0.5
0.9093137254901962, 0.7352941176470588
0.7999999999999999, 0.6666666666666669
0.6977777777777777, 0.4892307692307692
0.6140350877192982, 0.4379084967320262
0.5428571428571429, 0.4666666666666666
0.7406593406593407, 0.5384615384615384
0.6823529411764706, 0.5
-0.19999999999999998, -0.16666666666666666
0.5323529411764706, 0.39999999999999997
0.7213622291021672, 0.5294117647058824
0.6588235294117648, 0.5
0.6071428571428571, 0.4476190476190477
0.7472527472527472, 0.5384615384615383
0.7430769230769232, 0.5733333333333333
0.5476190476190477, 0.3571428571428571
0.32956521739130434, 0.18840579710144928
0.7370967741935484, 0.535483870967742
0.7, 0.6
TOK ERROR
0.5030303030303029, 0.3333333333333333
0.7714285714285715, 0.6
0.8146153846153847, 0.6266666666666666
0.5944055944055945, 0.4545454545454545
0.8391608391608393, 0.6666666666666666
0.7999999999999999, 0.6666666666666669
0.5636363636363636, 0.37777777777777777
0.5333333333333333, 0.3888888888888889
0.7461300309597524, 0.5555555555555556
0.8365217391304347, 0.6521739130434783
0.6788537549407114, 0.46245059288537554
0.49999999999999994, 0.39999999999999997
0.2573529411764706, 0.16176470588235295
0.8588368153585546, 0.6796536796536796
0.7417582417582418, 0.5128205128205127
0.6162023460410556, 0.4274193548387097
0.5758689839572193, 0.39772727272727276
0.65, 0.5
TOK ERROR
0.5, 0.33333333333333337
0.39999999999999997, 0.3333333333333334
0.6512820512820512, 0.4707692307692308
0.7071428571428571, 0.5428571428571429
0.7928571428571427, 0.580952380952381
0.6351648351648352, 0.4725274725274726
0.8675324675324675, 0.6857142857142857
0.6330434782608695, 0.4420289855072464
0.7208695652173912, 0.5507246376811594
0.8166666666666667, 0.6666666666666666
0.31666666666666665, 0.2222222222222222
0.6565217391304347, 0.48550724637681164
0.7500000000000002, 0.6190476190476191
0.3383458646616541, 0.2105263157894737
0.6459096459096458, 0.4586894586894587
0.6047430830039526, 0.42292490118577075
0.3626373626373627, 0.282051282051282
0.5833333333333334, 0.4444444444444444
1.0, 1.0
0.7190476190476192, 0.5126050420168068
0.4125874125874127, 0.2727272727272727
0.5869337979094078, 0.41463414634146345
0.8436090225563909, 0.6736842105263158
0.8076923076923077, 0.6666666666666665
0.4285714285714286, 0.2
0.7805194805194805, 0.6
0.9999999999999999, 1.0
1.0, 1.0
0.8791208791208791, 0.6923076923076922
0.793076923076923, 0.5999999999999999
0.6252173913043478, 0.4565217391304348
0.4909090909090909, 0.34545454545454546
0.7073504273504274, 0.52
TOK ERROR
0.8224974200206397, 0.5947712418300655
1.0, 1.0
0.6617647058823529, 0.4666666666666666
0.5476190476190477, 0.3571428571428571
0.65, 0.4444444444444444
0.6240266963292548, 0.45287356321839084
1.0, 1.0
-0.08571428571428573, -0.06666666666666665
0.7607142857142856, 0.561904761904762
0.25902992776057787, 0.15032679738562094
0.6000000000000001, 0.34545454545454546
0.779967159277504, 0.5714285714285714
0.709090909090909, 0.5555555555555555
-0.9999999999999999, -1.0
0.7818181818181819, 0.6000000000000001
0.6703296703296703, 0.4945054945054945
0.6879120879120879, 0.42857142857142855
0.4201612903225807, 0.25591397849462366
0.7017391304347826, 0.536231884057971
0.5683473389355742, 0.44873949579831934
-0.3, -0.19999999999999998
0.6868366342050553, 0.4566145092460882
0.7999999999999999, 0.6666666666666669
0.7, 0.6
0.7697628458498025, 0.5652173913043478
0.6969696969696969, 0.4666666666666666
0.7999999999999999, 0.6666666666666669
0.19999999999999998, 0.19999999999999998
0.8558441558441559, 0.6761904761904762
1.0, 1.0
0.8968008255933952, 0.7254901960784316
0.7628458498023717, 0.5584415584415584
TOK ERROR
0.7380952380952381, 0.6428571428571428
0.5714285714285715, 0.42857142857142855
0.8666666666666667, 0.7222222222222222
0.7315384615384616, 0.5533333333333332
0.5108359133126935, 0.3856209150326798
0.8014705882352942, 0.6323529411764706
0.5, 0.33333333333333337
0.5285714285714286, 0.33333333333333337
0.7984962406015037, 0.6105263157894737
0.5428571428571428, 0.37142857142857144
0.8964912280701753, 0.7543859649122807
0.5785714285714285, 0.4666666666666667
0.6953846153846154, 0.5266666666666665
0.5, 0.33333333333333337
0.5, 0.33333333333333337
0.4794117647058824, 0.3
0.9285714285714288, 0.8095238095238096
-0.11274509803921569, -0.10294117647058822
0.9065934065934067, 0.769230769230769
0.6464285714285712, 0.40952380952380957
0.5333333333333333, 0.4444444444444444
1.0, 1.0
0.9999999999999999, 1.0
0.6483516483516484, 0.4725274725274726
0.5, 0.33333333333333337
0.6060150375939849, 0.4421052631578947
0.21428571428571433, 0.04761904761904762
0.7142857142857143, 0.6
0.45867542419266555, 0.30687830687830686
0.5770750988142292, 0.3992094861660079
0.9999999999999999, 0.9999999999999999
TOK ERROR
0.7362637362637362, 0.564102564102564
0.5384615384615385, 0.4065934065934066
1.0, 1.0
0.45094017094017086, 0.3353846153846154
0.7999999999999999, 0.6666666666666669
0.8168831168831169, 0.6571428571428571
0.7007223942208461, 0.5294117647058824
0.907142857142857, 0.7333333333333334
0.6527472527472528, 0.42857142857142855
0.5, 0.33333333333333337
0.8181818181818183, 0.5757575757575757
0.9999999999999999, 1.0
0.7500000000000001, 0.5147058823529411
TOK ERROR
0.8363636363636365, 0.6363636363636364
1.0, 1.0
0.3833943833943834, 0.2592592592592593
0.31153846153846154, 0.20666666666666664
0.8769230769230769, 0.7802197802197802
0.6558823529411765, 0.45
0.5892857142857142, 0.4476190476190477
0.5941176470588235, 0.45
0.6606060606060605, 0.5111111111111111
0.9999999999999999, 0.9999999999999999
0.7758241758241758, 0.6043956043956044
0.5636363636363637, 0.38181818181818183
0.8571428571428572, 0.7142857142857142
0.8736842105263156, 0.7157894736842105
0.6765217391304347, 0.4565217391304348
0.9999999999999999, 1.0
0.7342657342657343, 0.5757575757575757
0.8951048951048951, 0.7575757575757575
0.16923076923076924, 0.1208791208791209
0.6725014116318464, 0.4805194805194805
0.5714285714285714, 0.4102564102564102
0.7097744360902255, 0.5263157894736842
0.6294466403162056, 0.4782608695652174
0.5954592363261093, 0.3856209150326798
0.6899159663865546, 0.5159663865546218
0.5476190476190477, 0.42857142857142855
0.7, 0.6
TOK ERROR
0.5689149560117301, 0.38709677419354843
0.3746130030959752, 0.25490196078431376
0.9999999999999999, 1.0
0.6961538461538461, 0.4933333333333333
0.8307533539731682, 0.6209150326797386
0.3939393939393939, 0.28888888888888886
0.9523809523809524, 0.8571428571428571
0.4107142857142856, 0.2761904761904762
0.4669565217391304, 0.33333333333333337
0.8214285714285715, 0.7142857142857143
0.7321428571428571, 0.561904761904762
0.6001221001221001, 0.37321937321937326
0.7855731225296443, 0.5810276679841897
0.7005689900426741, 0.5105105105105104
0.8353846153846154, 0.6466666666666666
TOK ERROR
0.5636363636363636, 0.37777777777777777
0.2693393562958781, 0.16017316017316016
0.6454545454545455, 0.4909090909090909
TOK ERROR
0.7545454545454545, 0.6000000000000001
TOK ERROR
TOK ERROR
0.690909090909091, 0.5272727272727272
TOK ERROR
0.6000000000000001, 0.43859649122807015
0.7272727272727273, 0.5636363636363636
0.7816205533596838, 0.5889328063241107
0.6692307692307693, 0.4999999999999999
0.5323529411764706, 0.35
0.7454545454545454, 0.5555555555555555
0.6711876832844574, 0.5000000000000001
TOK ERROR
0.678921568627451, 0.5147058823529411
TOK ERROR
0.7902097902097903, 0.5454545454545454
0.6333333333333333, 0.5
0.7419354838709679, 0.5268817204301075
0.7894736842105263, 0.5906432748538012
0.6605616605616605, 0.48148148148148157
0.7318681318681319, 0.5604395604395604
0.7619047619047621, 0.5714285714285714
0.38181818181818183, 0.3090909090909091
TOK ERROR
0.6850806451612904, 0.5096774193548387
TOK ERROR
0.8504901960784315, 0.6470588235294118
0.8338461538461539, 0.6199999999999999
0.8705882352941177, 0.7
0.5952380952380953, 0.42857142857142855
0.18379446640316205, 0.1225296442687747
TOK ERROR
0.8721804511278194, 0.7052631578947369
TOK ERROR
0.5232198142414861, 0.34640522875817
0.7244444444444444, 0.5446153846153846
0.9523809523809524, 0.8571428571428571
0.6166666666666666, 0.4444444444444444
0.6, 0.45054945054945056
TOK ERROR
0.8068965517241378, 0.6108374384236452
0.7417582417582418, 0.5384615384615383
0.8593406593406594, 0.6923076923076924
0.6330827067669172, 0.45263157894736844
0.5615763546798029, 0.3968253968253968
0.4642857142857144, 0.33333333333333337
TOK ERROR
0.7421052631578948, 0.543859649122807
0.4635778635778636, 0.30793650793650795
TOK ERROR
TOK ERROR
0.8531468531468532, 0.6969696969696969
TOK ERROR
0.3333333333333334, 0.2857142857142857
0.7237994563575959, 0.4972314507198228
0.8181818181818183, 0.6666666666666666
0.7142857142857143, 0.4666666666666666
TOK ERROR
0.9727272727272729, 0.8909090909090909
0.09999999999999999, 0.0
0.7010989010989012, 0.5384615384615384
TOK ERROR
TOK ERROR
0.5710784313725491, 0.3823529411764705
0.613533834586466, 0.43157894736842106
0.4803921568627451, 0.338235294117647
0.5, 0.34545454545454546
0.8117647058823528, 0.6
-0.028571428571428574, 0.06666666666666665
TOK ERROR
0.39438339438339437, 0.3048433048433049
0.48333333333333334, 0.2222222222222222
0.5666666666666667, 0.4444444444444444
0.6181630546955624, 0.411764705882353
0.8588235294117647, 0.65
0.7714285714285715, 0.6
0.6848484848484848, 0.5555555555555555
0.6635706914344685, 0.4509803921568628
TOK ERROR
TOK ERROR
0.3846153846153847, 0.2727272727272727
0.7321428571428571, 0.4285714285714286
0.6666666666666667, 0.4444444444444444
TOK ERROR
0.6642857142857141, 0.4285714285714286
0.4945054945054946, 0.18681318681318684
0.8352490421455938, 0.6772486772486772
0.7894736842105263, 0.5686274509803922
TOK ERROR
0.6879120879120879, 0.5164835164835165
TOK ERROR
0.576923076923077, 0.4102564102564102
0.745054945054945, 0.5604395604395604
TOK ERROR
0.7500000000000002, 0.6190476190476191
0.8181818181818182, 0.6000000000000001
0.8214285714285712, 0.6571428571428571
0.7894736842105263, 0.5816993464052289
0.8333333333333335, 0.7142857142857142
0.774025974025974, 0.5619047619047619
0.7529411764705882, 0.5333333333333333
TOK ERROR
TOK ERROR
TOK ERROR
TOK ERROR
0.7132867132867133, 0.5454545454545454
0.7142857142857144, 0.4999999999999999
0.7714285714285715, 0.6
0.3857142857142856, 0.12380952380952381
TOK ERROR
0.6333333333333333, 0.3888888888888889
TOK ERROR
0.6127450980392157, 0.49999999999999994
0.9107142857142855, 0.7714285714285715
0.49333333333333323, 0.2923076923076923
TOK ERROR
TOK ERROR
TOK ERROR
0.46798029556650245, 0.2962962962962963
0.2953399541634836, 0.20142602495543677
0.7815350389321468, 0.5954022988505747
0.5652173913043479, 0.383399209486166
0.5428571428571428, 0.36190476190476195
0.4264705882352941, 0.33333333333333337
0.541501976284585, 0.391304347826087
0.4545454545454546, 0.2964426877470356
TOK ERROR
TOK ERROR
TOK ERROR
0.8467532467532467, 0.6761904761904762
TOK ERROR
TOK ERROR
TOK ERROR
0.8543859649122807, 0.6959064327485379
TOK ERROR
TOK ERROR
TOK ERROR
0.3720674486803519, 0.26209677419354843
0.817408906882591, 0.6140350877192984
0.8091212458286985, 0.6091954022988506
0.7157894736842104, 0.5321637426900584
0.7682926829268295, 0.5564102564102564
0.6483516483516484, 0.4065934065934066
0.7764705882352941, 0.6166666666666666
TOK ERROR
0.6501619973318087, 0.4577218728162124
0.5705982905982906, 0.39076923076923076
0.8208695652173912, 0.6304347826086957
0.7617165443252402, 0.6017316017316018
0.6382352941176471, 0.5
0.7818181818181819, 0.6363636363636364
0.6967741935483872, 0.5268817204301075
TOK ERROR
0.7549019607843138, 0.5588235294117646
TOK ERROR
0.651186790505676, 0.4248366013071896
0.8571428571428573, 0.7142857142857143
0.4739495798319328, 0.3142857142857143
0.7142857142857143, 0.4871794871794871
TOK ERROR
0.6616568914956011, 0.48387096774193555
TOK ERROR
0.7696969696969697, 0.5555555555555555
TOK ERROR
TOK ERROR
TOK ERROR
0.942857142857143, 0.8666666666666666
0.5098814229249012, 0.3438735177865613
0.7333333333333332, 0.4666666666666666
0.7999999999999999, 0.6
0.8626373626373626, 0.7179487179487178
TOK ERROR
0.8000000000000002, 0.6000000000000001
TOK ERROR
0.7318681318681319, 0.5384615384615384
0.451559934318555, 0.2751322751322751
0.6749999999999999, 0.4476190476190477
0.8666666666666665, 0.6888888888888888
0.806015037593985, 0.5894736842105264
TOK ERROR
0.6978021978021978, 0.46153846153846145
TOK ERROR
0.7622377622377624, 0.5454545454545454
0.3714285714285715, 0.3333333333333333
TOK ERROR
TOK ERROR
0.593984962406015, 0.4105263157894737
TOK ERROR
TOK ERROR
TOK ERROR
0.8504901960784315, 0.6617647058823529
0.7747252747252747, 0.564102564102564
0.6465273856578204, 0.4632034632034632
0.8039215686274511, 0.6323529411764706
TOK ERROR
TOK ERROR
0.7642857142857141, 0.580952380952381
0.5416666666666667, 0.3529411764705882
TOK ERROR
0.9, 0.7777777777777778
0.7411764705882353, 0.5
0.7852941176470588, 0.5833333333333334
TOK ERROR
TOK ERROR
0.6842105263157895, 0.5163398692810458
TOK ERROR
0.8286893704850361, 0.6470588235294119
TOK ERROR
0.6735294117647058, 0.45
0.7413890457368719, 0.5930735930735931
0.7069597069597069, 0.49287749287749294
0.6550671550671551, 0.49287749287749294
TOK ERROR
TOK ERROR
0.5692307692307692, 0.38461538461538464
0.3955278592375366, 0.2741935483870968
0.65, 0.3888888888888889
TOK ERROR
0.7233082706766917, 0.5473684210526316
TOK ERROR
0.8522522522522523, 0.7015873015873016
0.6992481203007518, 0.49473684210526314
0.5928137212331741, 0.42198581560283693
0.39090909090909093, 0.3090909090909091
0.8285714285714287, 0.7333333333333333
TOK ERROR
0.6382608695652173, 0.4420289855072464
0.6465273856578204, 0.4632034632034632
TOK ERROR
0.7527472527472527, 0.5128205128205127
0.5546153846153846, 0.3999999999999999
TOK ERROR
TOK ERROR
0.942857142857143, 0.8666666666666666
0.942857142857143, 0.8666666666666666
TOK ERROR
TOK ERROR
0.7707692307692308, 0.5533333333333332
0.8021978021978022, 0.6043956043956044
TOK ERROR
0.7454545454545454, 0.6
TOK ERROR
0.6904761904761906, 0.5714285714285714
0.6249999999999999, 0.40952380952380957
0.6363636363636362, 0.5111111111111111
0.7527472527472527, 0.564102564102564
0.7035714285714285, 0.5047619047619049
TOK ERROR
TOK ERROR
0.6495098039215687, 0.4411764705882352
0.7789473684210525, 0.5894736842105264
0.7433967498109768, 0.5059607087065747
TOK ERROR
0.8296703296703297, 0.6410256410256409
0.8041958041958043, 0.6666666666666666
0.5685160427807486, 0.41287878787878785
0.8286893704850361, 0.6470588235294119
TOK ERROR
0.6503496503496504, 0.4545454545454545
TOK ERROR
0.7028088190878888, 0.4972314507198228
0.5807692307692308, 0.40666666666666657
TOK ERROR
0.7066666666666667, 0.5076923076923078
0.6578204404291361, 0.4805194805194805
TOK ERROR
0.596440489432703, 0.4206896551724138
TOK ERROR
TOK ERROR
0.8391608391608393, 0.606060606060606
0.6127450980392157, 0.4411764705882352
0.7454545454545456, 0.5636363636363636
0.7714285714285715, 0.6
TOK ERROR
TOK ERROR
TOK ERROR
0.8186813186813187, 0.6410256410256409
0.3467741935483872, 0.22580645161290322
0.5370940170940172, 0.37230769230769234
TOK ERROR
0.7666666666666667, 0.5555555555555556
TOK ERROR
0.7215384615384615, 0.5466666666666665
0.6911764705882353, 0.5441176470588235
TOK ERROR
0.625, 0.45588235294117646
0.49877899877899873, 0.3618233618233619
0.7626373626373627, 0.5824175824175825
0.7333333333333332, 0.6444444444444444
TOK ERROR
TOK ERROR
0.7785714285714285, 0.6190476190476191
0.7318681318681319, 0.5824175824175825
0.5428571428571429, 0.3333333333333333
0.6666666666666667, 0.5
TOK ERROR
0.7402597402597403, 0.4978354978354978
0.31666666666666665, 0.2222222222222222
0.5054945054945055, 0.4102564102564102
1.0, 1.0
0.8504901960784315, 0.676470588235294
0.8181818181818183, 0.6363636363636362
0.8259803921568629, 0.6470588235294118
0.6666666666666667, 0.5555555555555556
0.9999999999999999, 1.0
0.7526821005081875, 0.6017316017316018
0.21666666666666667, 0.16666666666666666
TOK ERROR
0.5, 0.33333333333333337
0.1666666666666667, 0.07142857142857142
0.7902097902097903, 0.6363636363636362
0.28571428571428575, 0.23809523809523814
0.7885375494071146, 0.557312252964427
0.9999999999999999, 1.0
0.7488721804511278, 0.5789473684210527
0.6792207792207793, 0.4761904761904762
TOK ERROR
0.6904761904761906, 0.5714285714285714
0.6234782608695651, 0.42028985507246375
0.39285714285714296, 0.23809523809523814
0.6883384932920537, 0.5032679738562092
0.7628458498023717, 0.567099567099567
TOK ERROR
0.5878035008469792, 0.43722943722943725
TOK ERROR
0.8626373626373626, 0.7179487179487178
0.6538461538461537, 0.4466666666666666
0.7275541795665634, 0.5163398692810458
0.5955882352941178, 0.3676470588235294
TOK ERROR
0.6573426573426573, 0.5151515151515151
0.9999999999999999, 0.9999999999999999
0.4055944055944056, 0.3333333333333333
0.8391608391608393, 0.6666666666666666
TOK ERROR
1.0, 1.0
0.6270676691729322, 0.43157894736842106
0.7857142857142857, 0.5897435897435896
0.8308823529411766, 0.6470588235294118
TOK ERROR
0.42857142857142866, 0.33333333333333337
0.8214285714285712, 0.6000000000000001
-0.7, -0.6
0.28181818181818186, 0.23636363636363636
0.7762237762237763, 0.5757575757575757
1.0, 1.0
0.2647058823529412, 0.13333333333333333
0.7980295566502463, 0.6137566137566137
0.07142857142857144, 0.04761904761904762
0.33952528379772956, 0.21568627450980396
0.7412587412587414, 0.5151515151515151
0.7368421052631579, 0.5894736842105264
0.690909090909091, 0.5636363636363636
0.8909090909090909, 0.7777777777777777
0.8246753246753247, 0.6380952380952382
0.7342657342657343, 0.4848484848484848
0.48571428571428577, 0.2967032967032967
0.6242424242424242, 0.4222222222222222
TOK ERROR
0.7263157894736841, 0.49707602339181284
0.786764705882353, 0.6029411764705882
0.6, 0.4444444444444444
0.5428571428571428, 0.4285714285714286
0.3054945054945055, 0.23076923076923078
0.5708180708180709, 0.378917378917379
0.7499999999999999, 0.561904761904762
TOK ERROR
0.5757575757575757, 0.4666666666666666
TOK ERROR
0.7333333333333334, 0.611111111111111
0.7802197802197801, 0.6153846153846153
0.7124505928853756, 0.5019762845849802
0.7, 0.5
0.5807692307692308, 0.40666666666666657
0.43736263736263736, 0.3626373626373627
0.5804195804195805, 0.39393939393939387
TOK ERROR
0.5118577075098815, 0.36758893280632415
0.7969924812030074, 0.6000000000000001
0.6691134952004518, 0.4805194805194805
0.39999999999999997, 0.39999999999999997
0.6645320197044333, 0.49753694581280783
0.6503496503496504, 0.5454545454545454
TOK ERROR
0.5714285714285715, 0.4285714285714286
0.7494505494505495, 0.5824175824175825
0.5, 0.3589743589743589
0.6487859966120837, 0.4805194805194805
0.5090909090909091, 0.38181818181818183
0.47557997557997556, 0.3561253561253562
0.4901098901098901, 0.38461538461538464
0.6337662337662338, 0.4190476190476191
0.7234262125902993, 0.5163398692810458
0.7714285714285715, 0.6
0.5818181818181819, 0.3090909090909091
TOK ERROR
TOK ERROR
0.7370967741935484, 0.5612903225806452
0.6280311457174638, 0.4482758620689655
0.80734149054505, 0.6183908045977011
0.9757575757575757, 0.911111111111111
0.7357425183512141, 0.5324675324675324
0.4810483870967742, 0.3634408602150538
0.6064039408866995, 0.43842364532019695
0.8261083743842362, 0.6305418719211822
0.4285714285714286, 0.3333333333333333
0.8285714285714287, 0.7333333333333333
TOK ERROR
0.6013986013986015, 0.4242424242424242
0.36233766233766235, 0.2380952380952381
TOK ERROR
0.7506493506493507, 0.5142857142857143
0.5541795665634675, 0.411764705882353
0.7494505494505495, 0.5384615384615384
0.7032967032967032, 0.5128205128205127
TOK ERROR
0.6363636363636364, 0.4909090909090909
0.7333333333333332, 0.5555555555555555
0.7382608695652173, 0.5
TOK ERROR
0.6642857142857141, 0.5238095238095238
0.5452173913043478, 0.391304347826087
TOK ERROR
0.7054945054945055, 0.5164835164835165
TOK ERROR
0.8286893704850361, 0.6470588235294119
0.41818181818181815, 0.19999999999999998
0.7990196078431374, 0.6176470588235293
0.6992307692307692, 0.5133333333333333
0.8357843137254902, 0.6617647058823529
0.3626373626373627, 0.23076923076923078
TOK ERROR
0.7928571428571427, 0.6000000000000001
0.7205882352941178, 0.5294117647058822
0.48320158102766797, 0.35177865612648224
TOK ERROR
TOK ERROR
TOK ERROR
0.8736263736263737, 0.7435897435897434
TOK ERROR
1.0, 1.0
0.24545454545454545, 0.16363636363636364
0.5393939393939393, 0.37777777777777777
0.733467741935484, 0.5612903225806452
TOK ERROR
0.6133021390374331, 0.44318181818181823
TOK ERROR
0.7351778656126482, 0.5019762845849802
TOK ERROR
1.0, 0.9999999999999999
0.7464285714285712, 0.6000000000000001
TOK ERROR
TOK ERROR
0.5515384615384615, 0.3866666666666666
0.6, 0.4114942528735632
TOK ERROR
0.29475806451612907, 0.15268817204301077
0.7368742368742369, 0.5384615384615385
0.47252747252747257, 0.3406593406593407
TOK ERROR
0.4631578947368421, 0.3157894736842105
0.5686053077357426, 0.4112554112554112
0.6246153846153846, 0.4933333333333333
TOK ERROR
0.2982456140350877, 0.22875816993464054
0.5500515995872033, 0.411764705882353
0.7294117647058823, 0.5499999999999999
0.7714285714285714, 0.6105263157894737
TOK ERROR
0.5207509881422925, 0.383399209486166
0.3846153846153847, 0.1818181818181818
0.7301587301587301, 0.5270655270655271
0.7857142857142857, 0.6153846153846153
0.6924664602683178, 0.5947712418300655
0.5734265734265735, 0.3636363636363636
0.2833333333333333, 0.2222222222222222
0.7636502899660794, 0.5590327169274538
0.34313725490196084, 0.2352941176470588
TOK ERROR
0.8131086552139184, 0.6358463726884781
0.9999999999999999, 1.0
0.5714285714285714, 0.4102564102564102
0.6210526315789473, 0.4736842105263158
0.7377450980392158, 0.588235294117647
0.7608870967741936, 0.578494623655914
0.6004901960784315, 0.39705882352941174
0.5664335664335665, 0.3636363636363636
0.34065934065934067, 0.23076923076923073
0.8911764705882352, 0.7166666666666667
0.7924901185770751, 0.6126482213438735
0.48333333333333334, 0.3888888888888889
0.7228327228327228, 0.5384615384615385
0.7182905982905983, 0.5446153846153846
0.7970588235294117, 0.6166666666666666
0.5892857142857142, 0.4476190476190477
0.5583003952569171, 0.383399209486166
0.8725274725274725, 0.7142857142857144
0.642857142857143, 0.6190476190476191
0.3706293706293707, 0.3333333333333333
0.5666666666666667, 0.4444444444444444
0.7, 0.6
0.5272727272727273, 0.34545454545454546
0.4982456140350877, 0.34502923976608185
0.7153804050355775, 0.5185185185185185
TOK ERROR
0.7684729064039407, 0.5960591133004924
TOK ERROR
0.7999999999999999, 0.6666666666666669
0.8607142857142854, 0.6761904761904762
0.6791304347826086, 0.5
0.8787878787878788, 0.6888888888888888
0.39999999999999997, 0.3333333333333334
0.8035714285714284, 0.6380952380952382
0.7582417582417583, 0.6153846153846153
TOK ERROR
0.5714285714285714, 0.4358974358974358
0.6629032258064517, 0.4795698924731183
0.7570207570207569, 0.5840455840455842
TOK ERROR
0.6631578947368422, 0.49707602339181284
0.5852941176470587, 0.43333333333333335
0.5274725274725275, 0.3846153846153845
TOK ERROR
0.8181818181818182, 0.6444444444444444
0.4240601503759398, 0.2947368421052632
0.7203557312252966, 0.5098814229249012
0.5088235294117647, 0.3666666666666667
0.5352941176470588, 0.38333333333333336
0.7413533834586465, 0.5157894736842106
0.9999999999999999, 0.9999999999999999
TOK ERROR
0.5294354838709678, 0.3591397849462366
0.33636363636363636, 0.2
0.8403940886699505, 0.6502463054187192
TOK ERROR
0.5397316821465429, 0.4379084967320262
0.49999999999999994, 0.39999999999999997
0.6053921568627452, 0.4264705882352941
0.47543859649122805, 0.34502923976608185
0.6571428571428573, 0.4666666666666666
0.09999999999999999, 0.0
0.687719298245614, 0.52046783625731
0.6727272727272726, 0.5111111111111111
0.8070175438596491, 0.6023391812865496
0.7380952380952381, 0.5714285714285714
0.6428571428571429, 0.4871794871794871
0.661764705882353, 0.4705882352941176
1.0, 1.0
0.11515151515151514, 0.022222222222222223
0.6272727272727273, 0.41818181818181815
0.6558823529411765, 0.48333333333333334
0.6297760210803689, 0.4565656565656565
0.7857142857142857, 0.6410256410256409
0.39285714285714296, 0.33333333333333337
TOK ERROR
0.7205882352941175, 0.5499999999999999
0.7906403940886698, 0.6256157635467979
0.5171568627450981, 0.41176470588235287
TOK ERROR
TOK ERROR
0.5637254901960785, 0.4264705882352941
0.4909090909090909, 0.3090909090909091
0.4911764705882353, 0.3666666666666667
0.4678571428571427, 0.33333333333333337
0.8161764705882354, 0.6617647058823529
0.7142857142857144, 0.5714285714285714
0.9642857142857145, 0.9047619047619049
